1090 1230
866.800347010605 367.9700820441358
825.667795162648 298.4758985093795
855.9021688625216 386.8180965553038
775.6630798978731 858.1575900921598
800.2980832112953 800.8543602365535
801.5671254061162 328.6779473731294
858.6294963862747 395.4779985053465
763.8075541304424 413.4430568101816
1048.1175336139277 691.2064414476044
947.662825123407 638.2504455207381
982.5614854870364 562.042854885105
989.5078217126429 561.4315647198819
837.6123765250668 503.5854509100318
1007.3968638833612 599.7051417103503
992.0347741544247 635.9864030112512
982.7507286220789 400.66262056375854
972.9546134313568 424.1745515994262
967.1214721146971 1034.8903056394774
778.4571991181001 1130.9322082549334
848.7665895018727 1313.8472516951151
941.5959128746763 1485.1484278307762
994.0385249881074 1488.3068435681053
807.5338501129299 1447.9040486440063
823.641780430451 1543.3470946312882
821.3485989207402 1480.2692987027112
825.5008159261197 1053.4330287463963
916.5824232930318 1445.3343011424877
924.3079959554598 1408.2597711258568
960.1862678369507 1312.1718279840425
978.0419141603634 1273.1729675813112
970.0603066710755 1104.4312279729638
1013.7420748583972 1390.7357015614398
1027.1894693458453 1360.7704685155768
965.5518672941253 1500.193356954027
933.1690274216235 1532.6605397486128
926.4453301774338 1400.4373333076946
938.3119878964499 1370.2456829994917
998.3911170773208 1225.2876336677
984.0420347144827 1253.3735627296846
938.0559530667961 1478.3674573702738
860.3104206984863 1044.9654103859793
862.4922827174887 1024.022780165309
856.4698982657865 998.1897799896542
849.9243122069165 986.0430691237561
840.7181903179735 986.0430691237561
789.8674469245598 1401.9655952621251
1044.800212789327 1319.8923622355796
791.9491214007139 1107.555648358306
798.5281033068895 1128.871900655562
811.363240595907 1017.0720937617589
826.5026913424954 1039.124113349244
777.6334348851815 894.427798132645
782.5760202771053 916.864630977856
862.0470047537237 1034.018639409449
890.0327247399837 1068.4324914165772
852.28428541217 1055.029197676573
853.4976678621024 1059.8063845543656
820.5137027390301 1238.8607985139824
841.11894048471 1294.1836689920165
863.6500054225326 1350.8764002081007
887.8063349239528 1399.3505692912731
904.4374668477103 1426.1913862496149
804.9401059783995 1566.2145217321813
773.9042319431901 1357.0007602388505
828.5287060756236 1520.672130888328
789.511224552989 1582.4934219857678
794.6096572317183 1577.1161766301375
794.5317335883155 1413.47850412759
800.8546806648374 1570.5276371280197
869.583334280178 967.80603022594
852.7072994764894 975.9453406429384
815.1369713339955 1025.9019562050235
1116.1003466425464 640.3786456123926
1082.2592214420438 719.1561003956012
1096.0071785543114 766.3275679566432
1129.291706301272 840.0111798436847
1118.0261738328263 815.5141068981029
1390.3915719566867 640.5824094577692
1351.1514514526352 554.6054919287562
1306.5457314914092 508.71348807029426
1298.664311543107 389.1726840636693
1055.8542382251471 504.0269375233911
1077.9400251982734 411.7450357833877
1086.7008691243827 435.9022226498928
1221.9095226405188 773.1650021583773
1199.3450618572533 823.0081264749169
1237.3050082176924 793.7565545924008
1467.7363541601226 810.9407180936541
1416.5961800897494 738.1627868060023
1425.8245658762753 716.7448895729613
1071.67273786664 742.781447118381
1717.5818192968145 550.3151417158078
1695.6296157119796 535.8932295381092
1107.4174263598397 792.1037962273695
1107.929496018216 390.37261814274825
1458.6749476091936 831.6002143318765
1255.7061200458556 694.5798701439053
1102.441445122473 672.5959882887546
1480.0037620458752 436.19654649100266
1059.1270312536508 663.6869731443003
1070.8155777882785 633.5185968426522
1078.4409629078582 613.7308729144279
1695.4403725778684 718.5334872561507
1056.6557385586202 776.2214715201408
1192.1983505487442 1499.2877176972106
1125.5179755631834 910.6384650275577
1258.221940538846 964.1042860567104
1277.7807750711218 879.4057692207862
1725.941913055256 1354.680069158785
1111.8256781958044 1580.9538316521794
1065.8841243451461 1593.4516845457256
1622.5038422113284 1151.33152408991
1594.3511429885402 1222.5141352415085
1516.349575788714 1045.9276396422647
1544.146052641794 980.3942273845896
1349.5595827344805 1428.149827092886
1503.180480029434 1075.9831667481922
1465.2984573123977 1165.3801164161414
1443.880587283522 987.073218717007
1457.161002535373 1029.3546594306827
1444.314733297564 1055.5838946979493
1455.157251700759 1139.6262548416853
1417.3531526280567 925.4680621076841
1405.5755505021662 953.0556574633811
1399.9984440123662 964.8174660955556
1551.2259722556919 994.7031188448891
1591.0560860624537 1085.1186936455779
1677.239635833539 1261.3997352200095
1165.6597839435562 1004.5291647757404
1190.9070444563404 950.2595399178099
1763.7014843318611 1271.2371762197
1618.1735140187666 1599.3043943603989
1740.2353356732056 1382.7208199480083
1154.427647321485 979.5565234769601
1144.2975736605003 957.0177677271422
1301.0020208498463 942.4032432285603
1362.6841506985947 1544.3546195712406
1323.8002525651827 1423.9838952571154
1344.6281292922795 1465.5413515507244
1349.470527141355 1491.963361066766
1342.958336930722 1154.1163372707088
1368.4950281176716 1202.7034385702573
1327.8634139774367 1328.7675825934857
1302.9055841434747 1069.1683142783586
1348.9027977390215 1223.3971265533473
1336.1901118904352 1301.7230724568944
1324.7242043381557 1114.4384304783307
1342.958336930722 1260.0073243461084
1322.5423423191532 1266.5618443074636
1344.5279417494312 1214.397408453282
1330.7911165868863 1127.6379802280571
1351.2961667906493 1208.6126852072775
1352.6097367815673 1175.1043266456109
1290.248558039777 1043.1088740131818
1351.618993313983 1200.3601169034373
1315.1618600795045 1094.3787468799856
1333.4739163154736 1240.615461575333
1367.9495626138523 1035.6374481394887
1392.6402256703004 984.9902789108455
1380.2392343962565 1010.4157373881899
1333.3514648750424 1441.0664830205496
1237.3050082176924 936.3808383112773
1237.5610430464149 945.7087741862051
1249.7393953399733 969.4587968618143
1251.9101254101843 908.9404199598357
1247.6577208610252 909.5403958745301
1485.502944891341 1117.7552980019245
1438.2144252015278 1280.7802890534513
1508.3679682994261 1602.8250771369785
1520.4016052540392 1575.067163353553
1532.5354297505692 1547.0828614067286
1544.5913306036964 1519.2683892308269
1263.7545192316175 936.2902758389246
1275.4096699170768 884.1942524940241
1223.1896967850626 878.5793880128767
1223.6906344946474 995.0200880256016
1051.3346669003367 1621.1416896928567
789.9565025158226 2099.697712777648
857.6610168162733 2249.368799202144
831.7903671562672 2312.6630723166745
893.8175874259323 2341.3045891970396
806.2091481722891 2049.7735305593815
861.3790878094733 2345.5951583648566
792.784017582424 1771.920151044149
827.571358455345 1735.6716773449443
836.0761675518006 1726.1397613724694
892.9158995505422 1655.3636681905482
876.2958995755762 1677.1557162192184
862.2585117863491 1694.6346466008108
747.6217001685873 1920.4804175102618
862.1583242453635 2061.320614007069
937.8889738321304 1886.6204401138239
998.825263091363 2025.1737272222526
849.768464920111 2104.1920247310773
914.7456516958773 1934.9142192143481
917.7735418453813 2112.1957504674792
877.2866430431604 2014.849286598852
878.377574053593 2078.7544530818705
879.1790743870661 2024.664297514828
921.6697240229696 1959.8875403455459
961.8115324033424 2212.723606901942
945.948504964821 1904.9598420690745
949.3771452810615 2239.1801413367502
935.9074868960306 2435.527420261642
946.8279289426282 2599.328352446668
916.4822357520461 2573.0413588478696
886.2589940028265 2547.02608484542
844.2358862273395 2510.912659892114
821.6268976461142 2515.656082552625
809.9383511133492 2521.927816601703
933.3916664039716 2588.539588262327
872.1548145171255 2378.266897530528
862.3586993282661 2846.9727243015077
919.2540910728276 2396.832972158445
828.4396504834294 2859.471028344473
827.8941849786788 2833.783848508494
850.625624999404 2961.2802960302215
849.2229994153604 2924.158879730152
787.9861475294456 2426.708523856476
749.458471766673 2425.8141814696137
801.5337295588106 2386.0669118324295
814.8698045555502 2518.814591075992
907.0534748816863 2564.9356404221617
908.7789269890636 2496.750320635736
871.0304876603186 2533.939209311502
930.1300053233281 2585.5282443924807
920.5453971661627 2470.486045548925
781.27358223591 2541.0260461482685
836.5437094131485 2508.64849655726
901.1535418694839 2559.85258610826
792.8508092770353 2539.0901848252397
805.4187797876075 2526.512749242829
944.8909698026255 2558.2450278815813
776.9098581951112 2541.0260461482685
924.7755378158763 2580.569716327358
856.6814052974805 2521.5995128059294
849.5569578874856 3058.006732888054
868.492403271608 3058.4142886642367
830.2986859790981 3056.3199048649985
830.1317067444324 3075.1806845669635
830.4879291141406 3039.0214315645862
1503.3029314689338 2002.5776966519188
1397.5716791125014 1964.9478664221242
1560.231719060801 2338.010247527389
1524.6206139558926 2041.2264271220192
1534.717291770503 1909.2277166156564
1135.0023961793631 1809.6629801348317
1184.3614583974704 1920.9898457049858
1200.4025970194489 1665.733285201015
1226.9968233704567 1810.6252303572837
1540.5615650368854 1803.0857175546698
1610.7262400845066 1918.8955298420042
1639.2685575243086 1960.2271595227066
1710.7356706121936 1980.026963219745
1699.748436871916 1719.9247724246234
1689.4291200749576 1696.2082035844214
1655.6993143642321 1974.5930537167005
1624.0066553354263 1942.4764016149566
1625.7432393925264 1885.7827145745978
1615.1344919204712 1861.7603772138245
1603.6908482657745 1834.047540975036
1592.6368228299543 1808.078097472433
1191.719676738605 1742.1357215973549
1527.6818999527022 2001.1286531039514
1518.7652087407187 1799.3725646981038
1461.6694419123232 1864.9188268512953
1237.5276472000405 2042.3811350145843
1251.2867362610996 2014.8832485694438
1163.2107551461086 1873.9526736205444
1184.6063612774014 1830.504193802597
1641.9847530992702 1700.8269899580628
1631.6988321496174 1630.967910999665
1652.8161395527422 1725.3473219189327
1663.2133799940348 1749.4827715898864
1674.746079239063 1731.7434408760164
1055.7985784793273 2198.3576151777525
1563.8384705614299 2054.3357601340394
1565.8756172433496 2013.1964707283769
1605.126869698055 1905.2202163636684
1674.5123083088547 1775.1125543324742
1675.157961354591 1984.0118307236116
1690.4309954922646 1985.2910638535395
1684.7091736644506 1755.0524931023829
1695.841122744605 1781.1237825893331
1706.9062801292166 1807.0139620110858
1718.6393544599414 1834.4777237232774
1729.214706084691 1859.2472024366725
1740.5581621965393 1885.8053558052052
1745.422823944129 1897.2052172329277
1751.166909669526 1910.6314738739748
1548.242609902285 1980.2420554882847
1533.526173220016 1988.0306606248487
1551.5154029307887 2075.7997563693207
1609.4460659399629 2051.5395548406523
1555.2891336698085 2262.2631160104647
1246.7337690889835 2023.9850579169579
1543.5671912888065 1785.731259558117
1532.5020339041948 1693.8308873055503
1498.9169435314834 1624.6170925362967
1540.5170372407883 1674.8689656085335
1564.2614846257493 1618.7756990289781
1480.8163943281397 1666.3672356854659
1552.9068965660408 1645.61668381677
1575.3266420122236 1693.5591940267477
1485.224646163173 1676.0802641808987
1178.2945461487398 1714.3210948081687
1129.3807618943974 3006.8132366817445
1406.0876201586798 2930.442007813137
1268.8306880109012 2937.732701991219
1269.8436953769997 3076.7543034998234
1261.3166223829612 3077.750551494304
1578.1318931793794 3088.5507872500457
1411.49774741102 3004.367905695457
1650.7344650756568 3064.459699901752
1672.01875171531 3019.2776347757317
1478.8460393408313 3084.1355961300433
1514.9469502056018 3085.2110913516954
1652.938590992242 3059.795449941652
1471.3097098143771 3094.618845696794
1473.1576133612543 3083.0827429450583
1522.0825295662507 3087.769638011465
1752.825570082292 3075.441067550797
1601.7872849730775 2404.553745110985
1417.564659660682 3075.7354135350324
1427.1047400217503 3082.3808408393525
2119.500840805471 783.7154827106278
2061.7928167795762 806.2088461457752
2340.247391048819 689.4518058439717
2508.2618985027075 371.43404070916586
1805.9583630384877 229.25353439920582
1930.7363802678883 238.76240380806848
2188.841751622036 464.44032657379285
2166.577853462659 439.0039432544727
1792.1770100770518 396.3949294248596
1806.2255298160017 386.8746972142253
2415.4882348757237 498.0838489609305
2387.4245912479237 708.7980832455214
2452.0010278569534 687.5160466674715
2498.5548389060423 704.1794274027925
2502.0614028656855 780.5458101087715
2510.655267556198 666.0415792146232
2106.109106063843 370.84539411449805
1963.9207204729319 401.20598711213097
2094.8769694417715 524.0862838674802
2328.3584694312885 692.4177060765214
2304.725341537036 624.6322320285253
2263.102983929217 559.0430051013827
2336.841014630161 659.6909353197552
2327.579232997261 664.1511022129562
2286.2797019127756 615.7911502860952
2278.197906881571 607.1311940148007
2238.156286043115 495.7179339847062
2361.431490146555 584.1398694904055
2367.876888663508 713.1676944794599
2268.067833217792 572.6272325846367
2382.9495477173477 548.141666345764
2215.469373818487 495.54813148034737
2168.50368065387 528.4671922966372
2247.9078734368086 536.7875237630215
1966.90408282727 709.8508651771117
2054.1896955575794 511.91709665372036
2151.828020933084 421.83128188783303
1950.2618189528584 376.607339090202
1957.286078822799 389.2406048590783
1876.3011492704973 558.3751140523236
1885.4182155653834 505.7023226711899
1930.669588573277 321.36515504843555
2015.6620197929442 490.3748155811336
1986.1178269367665 442.06038353405893
2052.441979552619 511.38504856522195
2289.5970227373764 907.6159448644612
2259.9637742890045 1147.3693918955978
2133.4046452054754 971.2926886992063
2125.9239754239097 945.2899226434529
2112.0758307706565 1284.470746194711
2116.8848327733576 889.5600714061875
2356.800599330105 983.9827700275928
2244.37904557772 1423.757485931972
2267.3665204271674 1431.987465824699
2286.5246047927067 1510.8119789839257
2372.786078208126 1533.9963589312974
2379.4875115528703 1465.6885177867953
1815.6208948381245 1234.5137626626529
1845.810740741901 1357.872434489429
1843.1947327069938 1238.3060985968914
1877.1137815527618 1213.5144173679873
2237.466105199419 1426.202706716489
2241.006065007299 1134.7018922525458
2247.473727421835 1294.2515915387776
2221.335910984315 1287.4140558494255
2338.8447654657066 1081.2358114151284
2450.5316105773672 1161.3160992020275
2435.4366876259446 1258.3658644435927
2498.376727721654 1233.5175670224708
2504.365716325119 1334.0655468360055
2491.196620565839 1322.541343586985
2415.1431444538757 1155.2483752127737
2447.7263594102114 1264.999627003679
2422.0226889858022 1249.9095170595683
2212.096393247135 1298.2250607379247
2220.4453550577164 1304.5531792805996
2274.6913429209962 1534.0076794328634
2106.554384025745 1358.2799705096986
2131.912964030169 1489.1672005923465
2290.743613493629 1433.481767745223
2301.2855692701414 1486.6427320148796
2219.577063029632 906.3593916145619
2227.1913161985576 914.4081253709737
2423.3139950800687 1466.3111441773362
2470.736098157242 1436.617537891725
2482.0684223193675 1439.3570918228943
2502.9742226907983 1353.7744336570613
2287.7045913934708 1513.6534231635742
1858.623614131473 1533.7699488967191
2126.725475758314 958.6026119578164
2251.993298748508 1557.1241516494192
2106.5989118227735 1405.0900421326514
2121.159501218237 1405.6900265270378
2147.397505197674 1243.5474471442867
2118.8885836070403 1223.815981414169
2129.8424215009436 1127.400252443971
2132.3025822462514 1004.1329531932715
2201.0089719649404 1410.2521723539103
2199.8846451081336 1585.5952438921668
2136.989132810384 1132.2793325202074
2143.7796217473224 1014.7061438176315
2328.3362055337057 1553.8412041289266
2329.1711017154157 1534.9925631002989
2545.8656224934384 655.7401788239367
2573.339272821322 642.2012000491377
2588.233820688911 626.6925100400113
2514.751824816689 697.0363603718579
2547.6912621427327 671.5205670269206
2525.0377457663417 424.97828182647936
2611.5775179080665 711.1526923400816
2574.0517175607383 146.96796126943082
2582.8793531823903 609.6103185329121
2686.9964729212224 808.8917495405767
2711.542420640588 1282.0255352845415
2649.4484086763114 1575.2935736544896
2651.2183885788545 1252.2868032671977
2737.9919316526502 900.0313448510133
2520.3734591016546 1361.5402588441502
2617.5887704109773 1572.5540091113653
2632.8284087013453 1538.5698419406544
2627.173378569074 1609.640033225529
2635.9898822391406 1610.6135984892026
2648.635776394047 1563.3617527852766
2636.8581742681563 1256.4074330744334
2718.7781875422224 938.5430174011271
2654.0125077990815 881.7717100472655
1888.023091650568 1671.484122156864
1924.7028638664633 1699.6156905321404
2290.8771968828514 1797.957491304027
1875.755683763884 1700.4760527370963
1791.5313570313156 1984.260884957388
2389.7066408079118 2315.5045814441983
2375.2239750567824 2234.7876986372285
2353.6057299431413 2138.357870955253
2266.999166106805 2217.6368000633083
2214.46749840118 2345.515913018957
1980.8858108706772 1692.7780758622102
2026.1705797249451 1868.0206737252884
2277.040184176527 2250.161250493489
2208.801336320117 2352.4329002867453
2248.030324875377 2252.538604475092
1827.8437749268487 1969.2949927619193
1927.8643374051899 1851.9001294584014
1819.884431336075 1972.5779791567475
1925.4153086077422 1736.6226049708202
2054.891008350067 1666.593646575464
2060.8020733101293 1686.732901088195
2070.4534731628373 1636.0847923087422
2078.290365314111 1652.907110898057
1839.2317588357255 1778.6672164916527
2022.5415643248707 1808.8026152518578
2023.3430646583438 1725.4605275541544
1982.6223949259147 1731.2566565605812
2095.2443237621337 1928.2463681206573
2064.5201443033293 2220.150000517955
2051.6627431157976 2248.8820077036507
2085.125382048078 1928.2576887493487
1800.4369162935764 2878.365664928453
2173.2904187571257 2441.584044879768
1807.405516417697 2865.199419186916
2269.448194905184 2492.889923796989
2173.0009880810976 2510.493789664004
2408.6309542423114 2460.421852248255
2017.4542635958642 2662.5213694619015
2273.678335554898 2492.0408629656304
2643.993753627874 1685.057459575124
2640.25341873616 2355.444224138977
2651.29631222412 1662.8239054467995
2697.4382411576807 3045.089481435949
2704.2621259437874 2850.5161741797347
951.7927782321349 3688.795538319042
892.6487327730283 3756.8926076483913
900.8529792446643 3827.061596630607
819.7789941001683 3829.8013373548165
836.4212579736486 3813.1477927081287
841.8313852259889 3807.7362414954696
868.4144796282053 3781.142668293556
886.6152163725346 3762.9381394034717
932.6680897139013 3662.7341513021383
1041.1044056946412 3509.615403271513
1048.6963949678466 3528.374536650721
915.5137561820447 3815.015796981752
831.1224502120167 3818.4461323621217
856.1582036912441 3793.40355968778
860.9338098457083 3788.6260003885254
873.2123496802524 3776.34246821492
803.6376679353416 3319.7151218596846
802.402021586895 3397.638190196827
822.9738634852692 3320.688734603813
822.3838701844215 3380.2036952353083
933.013180134818 4152.458252121927
826.0908092269674 4158.73027914972
962.3458659593016 3951.018097029999
921.5250086840242 3965.305558190681
869.4942786879838 3978.1778637678362
760.1674067797139 3976.9551643540617
798.4947074605152 3849.6814458868466
974.7913850294426 4141.963364644442
972.4759396212175 4107.365354418289
933.5920414878055 4126.068201250862
865.731679899618 4159.205775829032
825.25591304712 4143.208712508669
981.3147071907297 4204.921415327815
1016.7810969566926 4339.125125816558
767.8707155426964 4152.820535240928
780.2494429191574 4231.843630159274
810.6953236516565 4362.934054451296
832.5139438472688 4449.5090255877
955.2325504971668 4458.758646121714
785.9823966957629 4257.577120624483
765.7667771670967 4520.9926926190965
980.6133943973109 3944.100794235943
910.9719209568575 3920.111010024557
976.4055176470429 3886.4075986165553
1047.7947070924565 4120.169784191996
1029.170956281945 3954.889975786209
1022.8146133581176 3921.356349999085
783.4665762037039 3871.0106864953414
914.7011238997802 3967.7056710966863
1051.24561130628 3850.4399696134496
773.0025440687314 3894.7966543196235
800.787888970226 3978.3816470077727
824.0647944947705 3979.208101270022
857.6498848674819 3979.3439567673486
898.8937562061474 3971.3624472089577
904.7602933710441 3862.9612741030287
906.6081969179213 3880.0110865090974
791.0029057301581 3978.042008275166
818.9997576642781 3979.0269606080838
830.0983108961955 3979.4232058073394
846.6960469735786 3980.000591677148
883.0529926670715 3975.0418662826996
906.0404675146565 3969.709539073985
879.4239772660658 4127.438083281973
860.5441916277632 4159.534094968578
791.270072507672 4155.481052011251
794.6653169775382 4293.330061339773
1050.9339167336002 4423.118750814814
1047.7167834471911 4415.6579259899445
1021.5455711623654 4351.80510481447
994.2500320198014 4261.596211252268
850.4363818643615 4139.710417257389
1084.3408959191293 3455.8966369396076
1724.639475012198 3308.0770553366747
1608.2994751846418 3161.5713364428375
1423.2642175881192 3141.136888353387
1092.578538238071 3525.7593520947266
1102.2633339371532 3613.951181410346
1123.2693218495697 3589.8144481629133
1112.0149213299155 3522.317724232329
1096.6416996521875 3561.5455092138145
1110.7347471863031 3695.5429726964794
1123.99289853964 3822.9972709100693
1081.7248878860846 3578.3687516711652
1097.4209360880777 3700.7507249503396
1108.07421135623 3820.1329970783554
1192.220614446327 3831.850482416339
1235.0452225552872 3819.1367279742844
1284.905222482048 3831.4202751561534
1393.1634272774681 3835.3147831801325
1767.10786075145 3303.8090105084702
1660.7866150932387 3279.6838119842578
1574.2245790529996 3107.887066707248
1272.5153631567955 3338.157163205091
1315.9522284641862 3513.475912095979
1452.3297366341576 3621.660901303636
1470.3523621940985 3660.8774763378315
1485.1801183680072 3713.9399270557333
1458.1183501556516 3552.65840256284
1265.780533962883 3544.7788805901073
1171.0587792471051 3123.8610152190086
1506.453273058869 3700.5356221243273
1553.9644317291677 3695.6675058933906
1589.4864812418818 3692.28246733197
1686.6461328053847 3682.1047112185042
1697.5665748529136 3685.4557852074504
1698.1788320513442 3717.381573744351
1653.561980142258 3309.594079353148
1559.7753091491759 3695.1920155072585
1455.6581894094124 3604.0904408181086
1503.6480218907818 3502.358553524362
1487.985369535163 3540.2277781888843
1631.5095890155062 3103.800182396313
1579.6903660511598 3115.4834651267156
1761.5307542616501 3305.0203653539065
1492.8834271309897 3808.483443077421
1338.405369755812 3840.2508462981787
1317.5663610799238 3843.8736453596503
1615.96938810125 3689.6559493420646
1731.463359799236 3307.5110016162507
1780.8001581178978 3143.9105385032017
1540.5393011393026 3697.071334690787
1490.6570373149589 3701.226215411909
1582.8852354362607 3692.927775661228
1525.0658919187263 3698.678945156513
1625.0085307536647 3688.3540116185322
1660.7420872980729 3683.3840063184034
1652.0814309138805 3684.8217982121278
1678.7981087043881 3682.3990622994024
1670.894424858503 3682.6707709913608
1772.5513838501647 3711.80021925224
1723.7266551880166 3689.667270540027
1780.132241172716 3715.4116838220507
1701.607472368516 3685.1161493153777
1766.718242533505 3709.0265241460875
1709.4888923168182 3685.308609653963
1717.1142774354666 3686.8709347923286
1694.3160457210615 3749.8621310207527
1663.48054677248 3822.3293177031446
1646.5377202723175 3828.182399628451
1756.9666551398113 3704.3848307856824
1387.0074594374746 3508.6304641382303
1522.5389394788072 3698.9280115733854
1589.4753492912278 3762.5985027602874
1696.2084770649672 3734.8388789305463
1769.0670837890357 3710.1473233667202
1730.5839358204976 3692.5654972991906
1383.6010830197483 3570.5005450746976
1743.02945489157 3697.8298551125918
1775.4902184074745 3713.204048695974
1386.19482715521 3537.25031599286
1749.4414575621486 3700.807330957148
1709.422100622207 3836.6733325924724
1702.8431187160313 3832.461829585023
1695.429240629077 3828.1597571428865
1716.4574924390763 3840.9527635872364
1481.3507278831676 3612.547355944058
1487.6848069112748 3606.8528064449783
1465.7771311234683 3591.433374872664
1460.99039301835 3639.582327230368
1480.5492275496945 3524.049859265564
1488.07442512922 3749.4772096357774
1402.1580421337858 3843.4660804467276
1262.3964214427397 3823.2916231746785
1293.153996749781 3835.382710649399
1384.747673774138 3831.2504565019626
1125.0838295491412 3582.195304582827
1210.9111569514498 3826.031363603892
1186.5321884676814 3834.0354825314134
1124.6942113321275 3455.828710205853
1088.1702864021063 3488.558089899132
1198.8775199959055 3829.7786948683206
1178.0051154717803 3837.318643582519
1161.707942020148 3843.5679716742598
1120.5865221209824 3790.2675787471235
1112.003789381124 3610.090661513852
1116.0112910503522 3746.182735602604
1222.2323491657153 3822.5104575543664
1057.0564887253568 3620.426893159747
1063.936033256352 3732.019897153834
1072.7970647243783 3839.6961052252445
1093.7251289924607 3702.743256451795
1742.1945587117225 4316.437031998066
1628.0809486983344 4118.5055476967245
1397.8388458909467 4094.062790867174
1289.4693216038868 4057.766630406957
1673.9779747519642 4166.553332485724
1127.610781990923 3860.8215571956243
1139.4551758114249 4094.9458545036614
1119.3731396719813 4101.659403135302
1117.9148543430492 4196.973818439525
1118.159757222049 4336.838201521896
1121.2989668622613 4360.047093626112
1080.389053995721 4208.125361592276
1057.5128986379132 3902.6536124954
1333.585235806182 3848.6512121947017
1430.2884774580598 3889.4756605909206
1478.6790601052344 3987.3028255566023
1487.406508184038 3990.6312861556653
1508.9245657538995 3983.5101922664326
1197.4192346669734 3940.0704187697265
1237.9951890613884 3931.953062848188
1546.4726299988106 4128.1060423085
1501.7444585971534 3925.3301169418264
1541.0625027464703 4098.081862726249
1542.5207880754024 3919.4317336936947
1726.2758715273812 4059.6006837759633
1722.7025158731267 4065.816087574465
1721.355550034903 4283.095523599302
1678.6199975190684 4510.056157606421
1740.8253289740533 4114.577044174774
1699.6371173812076 4009.27746413718
1620.1772648524493 3896.313703743741
1718.105020903051 4292.073386743898
1692.3345587849617 4415.737176017836
1604.948758511804 4564.059578001732
1512.5424492051825 4157.224539706251
1506.7093078875914 4352.518353769556
1489.0429046973586 4443.519982506288
1492.3602255247533 4540.816586222965
1376.643614844419 4221.677038610447
1361.9049142627046 4325.4601893057115
1354.3129249913618 4358.813059463166
1304.697827944532 4550.620983211091
1301.9148406749591 4562.0443545284215
1292.2634408222511 4284.940910161473
1219.3157785059884 4241.715868876083
1056.2327244943008 4437.0327971109655
1672.8313839975744 4531.057477860246
1734.457854100503 4312.429256474366
1465.4209087518975 3962.067670285469
1333.5407080091536 3919.227950796718
1334.9878613902256 4053.0682842514943
1333.5741038564593 3857.379896413069
1333.5741038564593 3874.508954905439
1695.7298032548279 4114.712900196668
1710.5464274780825 4036.0410302134696
1503.0246327407658 3942.379959710641
1521.4480084683746 3921.537490363
1629.8286647051573 4081.8131155390292
1632.6784436693415 3873.3315441391896
1523.2847800664604 4034.693794376217
1728.6803725296631 3848.5040359557606
1754.8738487120718 3867.953947394388
1736.684243916534 3853.451422183076
1762.9111159481108 3876.592066357378
1747.7494013020769 3860.289458302548
1625.6430518506095 4028.3425404140726
1582.985422979109 4111.441034474643
1740.5804260941222 3855.862848675577
1627.947365310043 4071.0125735639594
1684.0078608738258 4187.92805152596
1711.2032124754041 4252.04096555803
1529.251504773274 4054.7778029001784
1454.5895222984254 3937.7155928693246
1435.2087989496067 3899.2459113986697
1526.9249274153262 4047.1585581752006
1500.7537151295692 3990.846390763065
1339.095550599508 3878.5280015678145
1418.7446462614462 4079.41299481201
1401.6459724763408 4099.066818435444
1333.5741038564593 3895.8382106334902
1694.8281153785065 4443.576589714037
1597.802047203295 4360.918842555955
1574.7811765065417 4263.418953914428
1601.0525763342157 4374.663042841479
1563.5601718351245 4215.891819124576
1579.3564075790346 4282.8124888592865
1584.666347289458 4305.26281155413
1449.9363675825298 4076.4807720722165
1142.6834410447627 3852.3872246290557
1061.8209629328921 3900.095006325282
1236.4923759354278 4070.4125435519964
1235.2678615357727 3932.4964841061737
1118.1152294259518 4184.10143243405
1131.2064015436918 3931.8398500871845
1102.3189936820418 4106.0634011665825
1134.445798725821 3995.556049867533
1221.6089600166306 4074.182543609757
1099.825437088497 3877.5543733199593
1228.989442255348 3933.7531457981095
1133.5552427992225 3976.9664856446907
1055.1863212808967 4118.256478296127
1118.0261738328263 4258.346974568209
1065.939784090966 3938.8363994080573
1201.5937155727297 4079.2431749557145
1235.4125768756494 4052.185221670894
1118.9723895052448 4128.196613024687
1237.2159526254982 3902.2347256317735
1234.544284847565 4037.5580857559107
1134.712965503335 4001.148770876229
1124.1153499800712 3971.3511259199586
1293.4100315785035 4056.8609250748996
1234.343909763731 4034.252263315022
1237.7614181302488 3923.1564324048813
1081.2350821262226 4111.520283813821
1117.9371182406321 4205.793160395464
1259.5689063770697 4064.582063781796
1203.385959373787 3938.870363242924
1137.0729387076572 4047.7133025345393
1073.3425302281976 4113.558124024654
1089.7732870699838 4109.312623718986
1772.005918345414 4365.9229082625825
1762.7107408642769 4395.5623890366405
1491.491933496669 4551.254985882202
1497.803748623468 4561.263172426494
1492.315697727725 4512.558201029431
1337.72632086277 4423.107429379597
1299.0539297619835 4572.222366404254
1322.2640435919166 4483.009192833677
1333.507312161848 4309.666835193988
1339.0176269561052 4418.080712632509
1349.2144923135638 4378.5689327046275
1287.5657583111897 4312.010364708956
1263.2869773702696 4265.094518680824
1244.3960597822443 4253.025925597642
1199.4675132976845 4319.301346424501
1164.4797973409295 4483.292229192099
1194.1019138414413 4345.329257824225
1095.9181229621172 4529.3479359559715
1178.0830391170457 4085.1868704236113
1648.6861864449456 4135.079988158075
1754.940640406683 4245.48588737729
1721.9010155396536 4267.834293675376
1738.6100711086765 4299.375685703009
1716.7914509121329 4264.56241364521
1269.2759659746662 4507.214470496401
1182.391103410162 4502.01791976532
1328.8430254980922 4307.2440560536925
1652.8161395527422 4510.259943941608
1671.0280082477257 4537.567323623691
1027.467768073082 4677.0821004475
1008.2317600632086 4867.544500388671
994.6062543913722 5040.968872423284
900.7639236515388 5289.785325059202
812.877185670659 5296.023590752855
797.20340136718 4659.22807257995
700.0548817515373 4592.635006483411
801.6895768456161 4718.722665007226
790.9249820867553 4853.007596376352
1634.9827571287751 4664.50389724155
1212.65887295641 4776.25873051025
1305.8889464959502 4837.553651303286
1432.6484506633133 5001.762073092395
1480.9722416158766 4614.564739011694
1280.363387257792 4644.58936153492
1409.8502189479768 4705.668942727614
1322.6759257083759 4693.464339484228
1184.2835347540677 4728.119536618004
1491.903815612197 4998.150475826114
1511.796608616598 4831.847581001231
1536.3870841329917 4716.503645091783
1235.5238963654265 4800.860465467442
1317.7667361628264 4844.256020782515
1255.3498976752162 5075.262121023843
1307.1802525892854 5267.515518126311
1071.7617934588343 5135.017819068395
1092.8902328126132 5161.00105041475
1601.8206808213145 5127.024724330287
1636.1961395777762 4890.323524116306
1765.43806838803 4588.797021666309
1760.8628373173997 5097.05629615346
1765.415804490447 5116.008748314576
1780.9448734568432 5204.929171700729
1575.4936212478206 5229.010410048533
1755.385918370448 5074.514892403269
1601.0525763342157 5047.3429533937015
1660.3969968752936 5298.095465086168
1652.025771168992 5307.730248433305
1564.0277136964723 5248.596948996885
1438.4259322341532 5276.493633806473
1287.8551889872178 4919.091686105821
1417.2752289837226 5031.571916805115
1330.0118801509961 5218.968067453476
1409.2156978501007 4953.4867097185925
1509.3141839718446 4896.810793526936
1506.6759120402858 4919.408690777374
1468.849549068138 5114.502967689885
1503.8929247688502 4934.251305578975
1497.2026233728975 4969.9143645917065
1510.9728443846107 4872.8996075163595
1514.4237485993654 4828.100142479874
1510.6054900642484 4822.914865670493
1379.0926436418667 4704.287716544466
1328.8875532941893 4700.721436076332
1374.2725096903741 4704.072607553098
1358.376086404547 4734.2671298922505
1191.6417530961335 4740.61851192289
1257.4872318999842 5121.0129219843075
1259.0345728211105 5133.455429302063
1255.8063075877726 5097.520483927336
1263.1756578786299 5154.264655249892
1272.4597034109756 5184.652034634724
1215.9094020882621 5306.235781277064
1203.731049795635 5272.825399630936
1209.4973994176835 5290.532558277715
1192.7104202071205 5238.98482533358
1217.6125902980566 4859.755255119875
1189.3819674318656 4966.404665108072
1175.845517351292 5041.331164738629
1193.3560732528567 5240.98876609141
1183.2705273870379 5202.064784791321
1193.7234275722876 4690.37356401328
1284.760507144034 4627.561819808325
1283.001659189351 4647.748062007828
1458.16287795268 5500.777447953587
1463.016407750547 5473.0843762203585
1418.7780421096832 5378.07217248017
1407.523641590029 5436.616959114093
1450.5263608843088 5477.647051698063
1385.326535125263 5341.19727207534
1219.3157785059884 5381.593235006556
1518.4312502685934 5461.875821122201
1528.9064143504947 5398.032412648201
1595.6981088276953 5369.501613407629
1469.0053963549435 5449.467162293615
1556.3578007807955 5509.5065442021005
1588.75177260302 5376.158797815908
1435.108611408621 5463.834487562301
1423.286481485702 5354.783353056759
1231.5943183396012 5355.417370298179
1223.089509244077 5379.170381654752
1973.616648121737 3362.010695781326
1948.7478738781065 3321.7076316906605
1914.70637359377 3245.460248202551
1819.1831185435876 3299.8353140673134
1893.7337815277278 3257.754915300291
1837.6955498624593 3564.6248638913967
1825.9402116341516 3736.6502729633357
1863.8778940970078 3793.9809424905106
1877.714906802401 3707.283058763016
2310.6364064970985 3775.1877031999175
2292.257558568381 3830.4692907042336
2263.292227063328 3811.1326124514453
2200.2297355290502 3795.011174574727
1915.9642838388681 3601.0676885172725
1859.9594480218366 3278.3026420413516
2348.373713877052 3635.234993756516
2380.010713160038 3508.2229031254537
2359.5724546508864 3473.319848438259
1800.8042706139386 3302.495766050881
1795.8171574259177 3302.688224287238
2476.1796212559566 3705.8452659472823
1787.9913972243667 3719.147682044655
1782.9374923417345 3716.7475861711428
1791.2530583031476 3720.698687484255
1866.5495618768036 3333.5494822293986
1854.7163000050932 3838.190379498992
1871.2583763366565 3750.7225435436703
2062.995067279786 3538.0541175494436
2028.54168487899 3264.7626510553528
1968.751986373216 3363.45979557815
1998.930700328201 3239.403484689072
2238.66835570056 3720.6194390293676
1988.5111959883943 3154.54097927385
1946.666199401021 3294.0049625544343
1964.944859788753 3151.054103777278
1967.1823815535754 3148.540836589411
2376.982823010534 3520.8233332920354
2478.695441748947 3494.94320939132
2399.6474713357165 3552.6357602560893
1814.006762222387 4075.0542854222003
2119.1446184339 4328.2226118322
2150.8595413621515 4104.546342656016
1998.5410821093246 4394.226460791891
1830.4820468584076 4323.014766267501
1806.2477937135845 3846.8737761159427
1789.2827033167705 3911.5634504843038
1850.9425692670047 3856.4062687531114
1836.2706603799015 3924.4357363088056
2358.3256763536483 4550.485125497449
2332.0988043230027 4299.726648947224
2398.6789917666465 4514.924387055449
2468.6766875758767 4429.583290757844
2469.878938077949 4143.9559212483
2274.8583221575245 4084.6887320978567
2267.1327494950965 4068.748309421353
2224.7868151981384 3942.561100182822
2386.0108337141573 3906.0952777266502
2282.650686512701 3855.7722786634695
2088.1977999946102 4199.147519973107
2112.287337803282 4207.898934284691
2132.3582419920713 4218.212699625641
2171.0974247884005 4035.8938531868625
1836.5600910559297 4136.6083693336695
1807.116085741669 4097.866757460171
1788.5702585745603 4158.266103825532
1834.8569028479978 4351.114498697454
2162.470164251514 4116.920560631901
2241.072856700979 3977.6684056734666
1830.6378941470757 3949.0481939674355
1824.6489055417478 3970.4227802457754
1822.5338352173567 4326.614972466603
1969.3085838276893 4214.001150733093
2024.9349333764985 4049.728496403899
2227.948288736865 4167.232613610569
1985.8506601592526 4367.56451368425
1975.4645516676828 4416.269283351256
2076.464725664817 4193.984979050234
2086.472347887233 4268.72868307936
2344.666774833575 4413.280425241683
2283.0069088824093 4481.322296183556
2281.604283299297 4551.560665745521
1804.7561125373468 4554.30046315887
1790.585141358897 4315.4294273739215
2392.69000316225 4460.332327214535
2402.742153179832 4509.976907365024
2356.0547587424517 4516.260319906287
2327.9243234181777 4264.56241364521
2334.8929235422984 4324.996011771262
2325.731329448521 4246.142527277814
2427.833566404879 4191.188603035174
2448.6391792334616 4167.821323929122
2468.1980137657374 4145.846585858148
2292.4801975497976 4574.113054142101
2088.2868555868044 4573.535658474779
2546.366560202092 3739.1069762695115
2557.097759113647 3842.4358469373547
2656.739835323766 3246.2187588464003
2725.6243362268433 3670.998620324768
2553.0345977004617 3820.9707688468043
2543.6503646271303 3798.6226477238815
2618.891208453104 3711.630401178496
2637.704202398658 3704.4640792037826
2662.7065600296482 3694.9429491169285
2686.707042244263 3685.806742299348
2705.019098480232 3611.0756034997758
2710.5294132754207 3676.738465026021
2587.666091285646 3723.506347140996
2512.6590183898807 4062.102695008507
2562.4299627225846 3867.716201030882
2576.244711530395 4112.561846573371
2711.809587419033 3952.02569116815
2511.189601111226 4294.915056390455
2568.6861181054264 4003.0054638781585
2577.3801703369245 4002.428077629069
2577.3801703369245 4055.060835796874
2659.58961428795 3943.9989027157426
2558.979058508761 3851.368312107399
2614.761255344376 3954.8446906518657
2513.015240759589 4061.1403829748742
2721.160424645059 3934.1493904851377
2346.2252477034926 4695.049352651928
2250.3346383348107 5076.49618044775
2250.401430029422 4908.528639227152
2233.8927495451644 4687.305431856541
2219.6438547242433 4693.124693814665
2223.70701613836 4656.635446588742
2366.9640688393265 4876.409297621809
2410.467725840397 4967.3896452500485
2447.392400938086 5041.806673408253
2485.129708316177 5117.854178792797
1899.6337145408615 5306.915084521985
2354.8525082403794 5221.130510767456
2253.407056281343 4978.405574475648
2254.2419524611905 4858.713670128491
2259.1288781082258 4810.947974307928
2457.6671899380162 5062.683774698991
2355.064015273936 4851.818831128534
2319.05216000136 4815.589814369567
2316.7812423883006 4802.015264312038
2339.3790990216658 4808.604411388747
2333.968971768394 4776.451196846552
2347.0267480388284 5275.746400887845
2396.1409073760733 4938.6440867581405
2278.787900181487 5198.068229535129
2271.9751473460346 5249.298894526903
2282.483707276173 5257.5637381169945
2289.418911552988 5251.110366927693
2294.305837199092 5224.56098394352
2288.5840153722093 5202.789372761967
2313.942595373839 5251.348122687079
2269.025180839002 5215.650811739033
2229.7627964364365 5136.1160206126515
2255.778161435388 5028.775473873131
2316.6031312048435 4901.20357000595
2290.264939682558 4721.722870729165
2286.446681149304 5148.898183390964
2263.0139283370227 5307.673639827408
2325.4864265704527 4774.0623500433285
2334.1470829527825 4822.7790068998
2386.7232784554362 4997.629681266379
2424.0153078706935 4995.184211265063
2490.161349300295 5128.168212276185
2207.85512064863 5659.667719974415
1968.9300975585356 5380.8799650769215
1955.1376126492396 5447.474531359505
1971.0562998326495 5371.324413774535
2495.738455790095 5384.899184710346
2337.0525216627866 5342.170941036893
2245.21394175943 5511.57843117998
2175.9620865359902 5634.771013583057
2323.360224294476 5439.922914018622
2662.6063724877313 5410.48634024756
2653.700813224539 5353.107736116974
