13 12
57 58 54
1074.2095600143075 0.0
1325.1528498847038 155.0455073658377
1576.086645213887 311.08649150282145
1859.8983796685934 479.81980449333787
2684.3858116138726 197.50259172730148
2641.6374315489084 208.4030623883009
0.0 1142.3593706339598
204.19930235110223 1070.8592514302582
315.63716081902385 1019.9157275799662
951.6986827459186 798.1732764374465
2341.0106995198876 766.0193766765296
2572.784760547802 913.1508436966687
2094.693671822548 626.2046639360487
T 6 7
T 7 8
T 8 9
T 9 3
T 3 5
T 5 4
T 0 1
T 1 2
T 2 3
T 3 12
T 12 10
T 10 11
1075.0098168721283 -4.93554343122525 1073.0601502451518 -4.866092599054117
1073.0601502451518 -4.866092599054117 1071.2854708361035 -4.055823279916249
1071.2854708361035 -4.055823279916249 1069.9559574975026 -2.628091632540718
1069.9559574975026 -2.628091632540718 1069.2740165830824 -0.8002568578208382
1069.2740165830824 -0.8002568578208382 1069.3434674152534 1.149409769155784
1069.3434674152534 1.149409769155784 1070.1537367343913 2.924089178203941
1070.1537367343913 2.924089178203941 1071.5814683817669 4.253602516804956
1071.5814683817669 4.253602516804956 1322.5186242622228 159.2953260978787
1322.5186242622228 159.2953260978787 1573.4885074881627 315.35903765174356
1573.4885074881627 315.35903765174356 1848.1366355896741 478.64438662880303
1848.1366355896741 478.64438662880303 950.0487169760445 793.4533559571228
950.0487169760445 793.4533559571228 313.76869626240443 1015.2662350242449
313.76869626240443 1015.2662350242449 202.3277845973098 1066.2113271902201
202.3277845973098 1066.2113271902201 -1.6523772332082838 1137.6402976869526
-1.6523772332082838 1137.6402976869526 -1.652377233208285 1137.6402976869526
-1.652377233208285 1137.6402976869526 -3.332508538690707 1138.6318531169582
-3.332508538690707 1138.6318531169582 -4.505295628422598 1140.1908892988968
-4.505295628422598 1140.1908892988968 -4.9921922993337216 1142.0800571067666
-4.9921922993337216 1142.0800571067666 -4.71907294700717 1144.011747867168
-4.71907294700717 1144.011747867168 -3.727517517001568 1145.6918791726505
-3.727517517001568 1145.6918791726505 -2.1684813350629115 1146.8646662623823
-2.1684813350629115 1146.8646662623823 -0.27931352719318014 1147.3515629332935
-0.27931352719318014 1147.3515629332935 1.6523772332082842 1147.078443580967
1.6523772332082842 1147.078443580967 206.07082010489466 1075.5071756702962
206.07082010489466 1075.5071756702962 317.50562537564326 1024.5652201356875
317.50562537564326 1024.5652201356875 953.3486485157928 802.8931969177702
953.3486485157928 802.8931969177702 1859.2883129572015 485.3319436357691
1859.2883129572015 485.3319436357691 2092.1352979065905 630.5030312006219
2092.1352979065905 630.5030312006219 2338.4343996733032 770.3080971137172
2338.4343996733032 770.3080971137172 2570.105066017807 917.3721275328868
2570.105066017807 917.3721275328868 2571.9244610055885 918.0762761342997
2571.9244610055885 918.0762761342997 2573.874828800037 918.0305722962395
2573.874828800037 918.0305722962395 2575.659243584576 917.2419740137445
2575.659243584576 917.2419740137445 2577.00604438402 915.8305382266635
2577.00604438402 915.8305382266635 2577.710192985433 914.0111432388821
2577.710192985433 914.0111432388821 2577.6644891473725 912.0607754444335
2577.6644891473725 912.0607754444335 2576.875890864878 910.2763606598944
2576.875890864878 910.2763606598944 2575.4644550777966 908.9295598604507
2575.4644550777966 908.9295598604507 2343.586999366472 761.7306562393421
2343.586999366472 761.7306562393421 2097.2520457385053 621.9062966714756
2097.2520457385053 621.9062966714756 1871.421928248234 481.111729001696
1871.421928248234 481.111729001696 2643.078970080829 213.20006710608126
2643.078970080829 213.20006710608126 2685.6212371742295 202.34756063172355
2685.6212371742295 202.34756063172355 2687.381285333074 201.50598243988173
2687.381285333074 201.50598243988173 2688.685299772207 200.05492430287674
2688.685299772207 200.05492430287674 2689.334756114191 198.21529666819285
2689.334756114191 198.21529666819285 2689.2307805182945 196.2671661669446
2689.2307805182945 196.2671661669446 2688.389202326453 194.5071180081001
2688.389202326453 194.5071180081001 2686.938144189448 193.20310356896712
2686.938144189448 193.20310356896712 2685.098516554764 192.55364722698334
2685.098516554764 192.55364722698334 2683.150386053516 192.6576228228794
2683.150386053516 192.6576228228794 2640.1958930169876 203.60605767052053
2640.1958930169876 203.60605767052053 1860.4552644869766 474.3336469457179
1860.4552644869766 474.3336469457179 1578.6847829396115 306.8139453538993
1578.6847829396115 306.8139453538993 1327.7870755071847 150.7956886337967
1327.7870755071847 150.7956886337967 1076.8376516468481 -4.253602516804956
1076.8376516468481 -4.253602516804956 1075.0098168721283 -4.93554343122525
1075.0098168721283 -4.93554343122525
1073.0601502451518 -4.866092599054117
1071.2854708361035 -4.055823279916249
1069.9559574975026 -2.628091632540718
1069.2740165830824 -0.8002568578208382
1069.3434674152534 1.149409769155784
1070.1537367343913 2.924089178203941
1071.5814683817669 4.253602516804956
1322.5186242622228 159.2953260978787
1573.4885074881627 315.35903765174356
1848.1366355896741 478.64438662880303
950.0487169760445 793.4533559571228
313.76869626240443 1015.2662350242449
202.3277845973098 1066.2113271902201
-1.6523772332082838 1137.6402976869526
-1.652377233208285 1137.6402976869526
-3.332508538690707 1138.6318531169582
-4.505295628422598 1140.1908892988968
-4.9921922993337216 1142.0800571067666
-4.71907294700717 1144.011747867168
-3.727517517001568 1145.6918791726505
-2.1684813350629115 1146.8646662623823
-0.27931352719318014 1147.3515629332935
1.6523772332082842 1147.078443580967
206.07082010489466 1075.5071756702962
317.50562537564326 1024.5652201356875
953.3486485157928 802.8931969177702
1859.2883129572015 485.3319436357691
2092.1352979065905 630.5030312006219
2338.4343996733032 770.3080971137172
2570.105066017807 917.3721275328868
2571.9244610055885 918.0762761342997
2573.874828800037 918.0305722962395
2575.659243584576 917.2419740137445
2577.00604438402 915.8305382266635
2577.710192985433 914.0111432388821
2577.6644891473725 912.0607754444335
2576.875890864878 910.2763606598944
2575.4644550777966 908.9295598604507
2343.586999366472 761.7306562393421
2097.2520457385053 621.9062966714756
1871.421928248234 481.111729001696
2643.078970080829 213.20006710608126
2685.6212371742295 202.34756063172355
2687.381285333074 201.50598243988173
2688.685299772207 200.05492430287674
2689.334756114191 198.21529666819285
2689.2307805182945 196.2671661669446
2688.389202326453 194.5071180081001
2686.938144189448 193.20310356896712
2685.098516554764 192.55364722698334
2683.150386053516 192.6576228228794
2640.1958930169876 203.60605767052053
1860.4552644869766 474.3336469457179
1578.6847829396115 306.8139453538993
1327.7870755071847 150.7956886337967
1076.8376516468481 -4.253602516804956
1075.0098168721283 -4.93554343122525
1 57 56
56 55 54
53 52 51
51 50 49
49 48 47
47 46 45
45 44 43
40 39 38
38 37 36
36 35 34
34 33 32
32 31 30
29 28 27
27 26 25
25 24 23
23 22 21
21 20 19
19 18 17
13 12 11
10 9 8
8 7 6
6 5 4
4 3 2
2 1 56
53 51 49
49 47 45
45 43 42
40 38 36
36 34 32
32 30 29
25 23 21
21 19 17
10 8 6
6 4 2
2 56 54
49 45 42
36 32 29
21 17 16
10 6 2
53 49 42
40 36 29
10 2 54
53 42 41
40 29 27
10 54 53
53 41 40
11 10 53
53 40 27
11 53 27
11 27 25
13 11 25
13 25 21
13 21 16
13 16 14
