37
10.3930141 10.3932495 10.3938342 10.394116 10.3948462 10.3950125
10.3965772 10.3965007 10.3962203 10.3959398 10.3958999 10.3958529 10.3955694 10.3953992 10.3953732
10.3958999 10.3956281 10.3940978
10.4004146 10.4001344 10.3987811 10.3981118 10.3974386 10.39729 10.3972341 10.3970347 10.3962277 10.3958999
10.3973832 10.3973045 10.3972525 10.3972341
10.3895825 10.3897687 10.391365 10.3918002 10.3927976 10.3930141
10.3926155 10.3923726 10.3918563 10.3909211 10.3905611 10.3894571 10.3893012 10.3891207 10.3884376 10.3882718
10.3950125 10.3950099 10.3949712 10.3949601 10.3949388
10.3928424 10.3927298 10.3926984 10.3921341
10.3940978 10.3940878 10.3940325
10.3980602 10.3980598 10.3980569 10.3980766 10.3980885 10.3981118 10.3981304 10.3982838 10.3983587 10.3985524
10.4001036 10.3999547 10.399338 10.3984372 10.3982838
10.394116 10.3941249 10.3941279 10.3941661
10.3926155 10.3926702 10.3927135 10.3928424
10.3962203 10.3963246 10.3964941 10.3970759 10.3971463 10.3972354 10.3973967
10.3930141 10.3929543 10.3932014
10.3950125 10.3952336 10.3954876 10.3963181 10.3965772 10.3968471 10.3974316 10.3984602 10.3985732 10.3997241 10.3997884
10.3934541 10.3934709 10.3935426
10.3944653 10.3947695 10.3950215
10.3950055 10.3944845 10.3944653 10.3943725 10.3947215 10.3950914 10.3950215 10.3950055 10.395263
10.3947215 10.3947695
10.3950914 10.3951611 10.3952208 10.3952336
10.3964218 10.396727 10.3968691
10.3971463 10.3973302 10.3976486 10.3977563 10.3978968 10.3980056 10.3982838
10.3983788 10.3985033 10.3987682 10.3987782 10.3987811
10.3950315 10.3958487 10.3959867 10.3967891 10.3974346 10.3979287 10.3980799 10.3980621 10.3977944 10.3974741 10.3968691 10.396645 10.3966187 10.396613 10.3965772
10.3933737 10.3931021 10.3930141
10.3940325 10.3940208 10.3939292 10.3938208 10.3938342
10.3927135 10.3925506 10.3921525
10.3928424 10.392989 10.3930141
10.3924824 10.3925897 10.3926155
10.3940978 10.3938727 10.3934541
10.3934541 10.3927804 10.3926155
10.3949388 10.3949334 10.3949296 10.3948507
10.3954119 10.3955228 10.3954562
10.3954562 10.3954799 10.3954876
10.3940208 10.3939211 10.3939079
63.4275091 63.4275175 63.4275469 63.4275606 63.4275978 63.4276073
63.4277021 63.4278413 63.4283527 63.4288639 63.4289367 63.4290233 63.4295391 63.4298493 63.4298966
63.4289367 63.4289539 63.4290171
63.4287914 63.4288009 63.4288429 63.4288606 63.428881 63.4288862 63.4288893 63.4288979 63.4289215 63.4289367
63.4297942 63.4294077 63.4289789 63.4288893
63.4273804 63.4273908 63.4274455 63.4274626 63.4274963 63.4275091
63.4290494 63.4290557 63.4290829 63.4291183 63.4291334 63.4291881 63.4291936 63.4292003 63.4292216 63.4292261
63.4276073 63.4275402 63.4273166 63.4272272 63.4270577
63.428128 63.4281238 63.4281226 63.4281015
63.4290171 63.4289626 63.4286542
63.4297571 63.4297296 63.4295369 63.4293235 63.4289075 63.4288606 63.4288126 63.4284151 63.4282597 63.4279002
63.4284091 63.4284125 63.4284284 63.4284235 63.4284151
63.4275606 63.4274925 63.4274709 63.4272113
63.4290494 63.4288052 63.4286514 63.428128
63.4283527 63.4283633 63.4283805 63.4284397 63.4283046 63.4281336 63.4278504
63.4275091 63.4274668 63.4264933
63.4276073 63.4276219 63.4276368 63.4276854 63.4277021 63.4277214 63.427761 63.4278372 63.4278444 63.4279229 63.4279407
63.4290235 63.4291038 63.4294457
63.4283943 63.4283804 63.4283852
63.4285219 63.4285053 63.4283943 63.4278572 63.4278561 63.4278548 63.4283852 63.4285219 63.4285243
63.4278561 63.4283804
63.4278548 63.427838 63.4276708 63.4276219
63.4271388 63.4271642 63.427176
63.4283046 63.4283207 63.4283486 63.4283581 63.4283704 63.4283799 63.4284151
63.4287573 63.428637 63.428633 63.4287953 63.4288429
63.426653 63.4266491 63.4266486 63.4266363 63.4266892 63.4267684 63.4268983 63.4270177 63.4271278 63.4271752 63.427176 63.4275919 63.4276375 63.4276464 63.4277021
63.4264994 63.4274754 63.4275091
63.4286542 63.428589 63.428275 63.4276117 63.4275469
63.4286514 63.4286411 63.4286158
63.428128 63.4275827 63.4275091
63.4295539 63.4291318 63.4290494
63.4290171 63.4290258 63.4290235
63.4290235 63.4290466 63.4290494
63.4270577 63.427037 63.4270127 63.426588
63.4283522 63.427961 63.4278757
63.4278757 63.4276859 63.4276368
63.428589 63.4285919 63.4285923
