144 144
330 332 329
41.87055725441314 29.739868588745594
216.6523766333703 158.2061461172998
165.50215323455632 112.01602386124432
298.4702545965556 255.38956606574357
92.51136483205482 61.346256125718355
149.16125670424663 100.31917177885771
199.75695176352747 141.78077936917543
259.36060639610514 205.36685823090374
373.8945098523982 356.0073808785528
0.0 0.0
544.6832288200967 564.1864609923214
463.2382275701966 477.33111256174743
390.07707914244384 376.31510704010725
512.7366678914987 533.6999848242849
492.1519171705004 512.0981388520449
742.1233462451492 732.770452465862
1056.3074199832045 982.4111401680857
928.5195048267487 891.5738846492022
1111.9856142608915 1010.1102813724428
1083.0374690024182 997.5175001937896
994.3598732906394 941.2730625290424
805.0436811870895 785.157417634502
676.6682098438032 674.8088173698634
1245.896556359483 1042.089972699061
1626.3000951558352 1098.6081664729863
1766.7202118877321 1153.1851805392653
1785.0083660611417 1200.146797299385
1861.3637751305941 1394.0407857242972
1831.4983450470027 1338.1945387702435
1532.471973085776 1084.9701346866786
1708.3362482308876 1109.633071731776
1750.2654079722706 1133.67383579351
1827.0960537691135 2135.0488084815443
1844.5694187751506 1363.7534049116075
1809.916937768925 1283.6175246983767
1776.271697171498 1174.2395142856985
1730.472122330917 1119.4882917832583
1658.4739976320416 1101.3706145156175
1686.4833104251884 1105.1534262541682
1591.8854819037952 1092.585531996563
1396.6021405146457 1064.2891047280282
1319.6026765939314 1053.7619378566742
1357.547864754917 1059.709911575541
1294.0607103076763 1048.884101672098
1142.812359444797 1021.9564549662173
1179.7614854604471 1030.4180075377226
1688.8032747001853 2268.1938268449157
1721.4864948778413 2235.7910578921437
2014.0298190882895 1977.8630260564387
1999.6006429630797 1543.5613970011473
2562.908727824688 2155.3565346486866
2045.9211484314874 1584.9234569072723
1940.5485936207697 2032.3653793670237
2108.674043220002 1645.3986708577722
2304.2216038734186 1799.8966659959406
1950.428318283055 1500.9052172843367
1910.841534349136 1460.7128425817937
1919.634821297368 1471.016027180478
2577.858723952202 2164.490034038201
2526.490065727383 2130.1709722951055
2361.350350236753 2004.691125081852
1876.675617750734 2088.684477787465
2474.2387443124317 2089.28176384978
1920.5401791508775 2049.064502229914
1990.1735844030045 1994.512375080958
2060.8596092427615 1947.202341452241
2110.8695477743167 1916.5167699307203
2188.1989264574368 1871.2474636863917
2407.2525951683056 1729.1182674523443
2438.521836040076 1704.679312678054
2457.5459515820257 1689.3738572970033
2134.8503512274474 1670.1113817412406
2152.0296248460654 1686.3376531358808
2230.7510933009908 1768.9124514441937
2265.234229847789 1779.165862204507
2287.5967938501853 1784.2676806636155
2243.358314254787 1786.059538854286
2228.3971423096955 1802.3604710102081
2310.389421694679 1819.6817668583244
2223.6100213052705 1823.8627693019807
2306.439754745923 1840.0392668619752
2230.241825044155 1844.8673292063177
2293.289290889632 1856.1659905798733
2247.873828058131 1860.5212014615536
2271.2096504252404 1864.70220390521
2321.2085689450614 1906.163811493665
2321.6612530020066 1930.5529924277216
2322.2044738787226 1954.1209050249308
2329.8548354422674 1973.682023609057
2338.885885687545 1988.1910975724459
2142.138526896015 1898.4239795841277
2210.3351004868746 1857.3605627063662
1104.041281190468 2824.963985878974
964.0538239390589 2958.3578734323382
1313.7405843429733 2625.619762122631
1157.8522900100797 2773.323628289625
1512.5090564859565 2435.135281646624
1667.9575523729436 2286.809242496267
1572.1941365131643 2378.3682186771184
2725.842523564119 2264.5603366252035
2646.5427767036017 2209.684679524973
2660.4968936752994 2220.0625248793513
2614.311390484916 2189.252518761903
2761.1523010423407 2286.336391031742
2950.909006659407 2360.0763329770416
3234.849953361554 2530.0291050132364
3280.3798567967024 2569.9726105220616
3339.1738406652585 2623.628808574751
3223.702322499128 2521.3933440111578
3156.1941558229737 2487.9453244451433
3192.307896692306 2501.7077908273786
3102.696996028535 2460.8683562241495
3126.327633325709 2475.302769428119
2984.000815227395 2378.0944625660777
3030.7753019433003 2407.1623843293637
2918.767881588312 2344.571782236919
2859.261608072091 2322.42242404446
2878.6707372586243 2329.415648372844
2782.9606331277173 2297.734600080177
2804.2936539039947 2306.19615264982
3380.414568315493 2660.3619014956057
3865.7549991456326 3030.8285824935883
3573.841465774458 2795.8711771927774
3763.6025305865332 2904.0546154771
4059.501445696922 3165.2428337447345
4025.593760319287 3145.8310366738588
4043.1247991994023 3156.930602690205
3881.271425848594 3044.6905965544283
3921.3470714706928 3075.7494718655944
3855.8973749228753 3020.0525464285165
3828.440906787757 2980.5072316285223
3837.3931164382957 2994.3443587720394
3797.9966203845106 2938.4981118142605
3816.863020803081 2965.375984683633
3779.956412482308 2918.8623324725777
3678.9472628540825 2860.2038636337966
3748.674668524647 2894.4980384577066
3637.038453299785 2832.604270109907
3488.032269846648 2733.8280873298645
3521.4641053893138 2759.7104834187776
3438.507036003517 2698.9615133609623
3464.933311886154 2718.298649672419
3363.5176342958584 2646.8483043015003
4102.780194171704 3189.5822408385575
T 76 73
T 73 72
T 72 71
T 71 53
T 53 51
T 51 49
T 49 55
T 55 57
T 57 56
T 56 27
T 27 33
T 33 28
T 28 34
T 34 26
T 26 35
T 35 25
T 25 31
T 31 36
T 36 30
T 30 38
T 38 37
T 37 24
T 24 39
T 39 29
T 29 40
T 40 42
T 42 41
T 41 43
T 43 23
T 23 45
T 45 44
T 44 18
T 18 19
T 19 16
T 16 20
T 20 17
T 17 21
T 21 15
T 15 22
T 22 10
T 10 13
T 13 14
T 14 11
T 11 12
T 12 8
T 8 3
T 3 7
T 7 1
T 1 6
T 6 2
T 2 5
T 5 4
T 4 0
T 0 9
T 93 92
T 92 95
T 95 94
T 94 96
T 96 98
T 98 97
T 97 46
T 46 47
T 47 32
T 32 61
T 61 63
T 63 52
T 52 64
T 64 48
T 48 65
T 65 66
T 66 90
T 90 67
T 67 91
T 91 81
T 54 68
T 68 69
T 69 70
T 54 78
T 78 80
T 80 82
T 82 84
T 84 83
T 83 81
T 81 79
T 79 77
T 77 76
T 76 74
T 74 75
T 75 54
T 143 124
T 124 126
T 126 125
T 125 128
T 128 127
T 127 121
T 121 129
T 129 131
T 131 130
T 130 133
T 133 132
T 132 134
T 134 123
T 123 136
T 136 135
T 135 137
T 137 122
T 122 139
T 139 138
T 138 141
T 141 140
T 140 120
T 120 142
T 142 107
T 107 106
T 106 105
T 105 108
T 108 110
T 110 109
T 109 112
T 112 111
T 111 114
T 114 113
T 113 104
T 104 115
T 115 117
T 117 116
T 116 119
T 119 118
T 118 103
T 103 99
T 99 101
T 101 100
T 100 102
T 102 58
T 58 50
T 50 59
T 59 62
T 62 60
T 60 89
T 89 88
T 88 87
T 87 86
T 86 85
T 85 82
2234.5980977307613 1765.6869316310783 2155.5593763981497 1682.7915020621622
2155.5593763981497 1682.7915020621622 2138.283203831447 1666.4760655689286
2138.283203831447 1666.4760655689286 2112.125191272935 1641.7805365503814
2112.125191272935 1641.7805365503814 2049.3229261427095 1581.2565825549536
2049.3229261427095 1581.2565825549536 2002.9042446146648 1539.8078932136063
2002.9042446146648 1539.8078932136063 1953.8117217973384 1497.2185247417804
1953.8117217973384 1497.2185247417804 1923.2896820361195 1467.5879048683353
1923.2896820361195 1467.5879048683353 1914.7575127330633 1457.594664304925
1914.7575127330633 1457.594664304925 1865.5852189219174 1391.320891086455
1865.5852189219174 1391.320891086455 1848.9834707645518 1361.4017625368947
1848.9834707645518 1361.4017625368947 1836.06479169751 1336.1297806365624
1836.06479169751 1336.1297806365624 1814.6506559598295 1281.9787432138764
1814.6506559598295 1281.9787432138764 1789.775123382034 1198.6323466650338
1789.775123382034 1198.6323466650338 1780.9349548628802 1172.400849706608
1780.9349548628802 1172.400849706608 1771.027087570603 1150.4654160216032
1771.027087570603 1150.4654160216032 1753.711022356983 1129.9454859648893
1753.711022356983 1129.9454859648893 1732.9835644381226 1115.105543747216
1732.9835644381226 1115.105543747216 1709.8819200973726 1104.8165491260347
1709.8819200973726 1104.8165491260347 1687.3213970742981 1100.2183142429096
1687.3213970742981 1100.2183142429096 1659.0229472520543 1096.3978714410941
1659.0229472520543 1096.3978714410941 1626.9467706247583 1093.640495085035
1626.9467706247583 1093.640495085035 1592.634866523308 1087.639361010845
1592.634866523308 1087.639361010845 1533.1661550852546 1080.0178567521202
1533.1661550852546 1080.0178567521202 1397.2697683566375 1059.3323912301087
1397.2697683566375 1059.3323912301087 1358.2265345087324 1054.7542890199293
1358.2265345087324 1054.7542890199293 1320.459141033625 1048.8344375190538
1320.459141033625 1048.8344375190538 1294.879590152309 1043.9486260709668
1294.879590152309 1043.9486260709668 1246.6806068978015 1037.1503181285107
1246.6806068978015 1037.1503181285107 1180.7550016084783 1025.5144653403747
1180.7550016084783 1025.5144653403747 1144.2781746559133 1017.1499184673507
1144.2781746559133 1017.1499184673507 1113.880981983852 1005.4809005333358
1113.880981983852 1005.4809005333358 1085.2738033440912 993.0303776282908
1085.2738033440912 993.0303776282908 1058.9255167178871 978.143817087625
1058.9255167178871 978.143817087625 997.2530205860429 937.1895243022161
997.2530205860429 937.1895243022161 931.6627167802296 887.6786812764835
931.6627167802296 887.6786812764835 808.275753656599 781.3420104768508
808.275753656599 781.3420104768508 745.3814805495115 728.9762259139595
745.3814805495115 728.9762259139595 679.9323891836002 671.0201010354798
679.9323891836002 671.0201010354798 548.0202664657324 560.4560314947602
548.0202664657324 560.4560314947602 516.2754725008803 530.1637365045556
516.2754725008803 530.1637365045556 495.8903186059681 508.7692635376444
495.8903186059681 508.7692635376444 467.19175423758577 474.26099586723313
467.19175423758577 474.26099586723313 394.06013943900507 373.28827799375904
394.06013943900507 373.28827799375904 377.8513364553677 352.94887508911773
377.8513364553677 352.94887508911773 302.440741239948 252.34976426860374
302.440741239948 252.34976426860374 263.19068316531735 202.1425885124159
263.19068316531735 202.1425885124159 220.2535660925676 154.73022601025016
220.2535660925676 154.73022601025016 203.14332945216404 138.0968233529568
203.14332945216404 138.0968233529568 168.60733300259153 108.08300445531755
168.60733300259153 108.08300445531755 152.03373444843936 96.22610193856228
152.03373444843936 96.22610193856228 95.25404715749946 57.162646305405296
95.25404715749946 57.162646305405296 44.64560644242116 25.575310907572057
44.64560644242116 25.575310907572057 3.7639830503505753 -5.299285951585702
3.7639830503505753 -5.299285951585702 3.763983050350576 -5.299285951585703
3.763983050350576 -5.299285951585703 1.4495179639013793 -6.336315780666808
1.4495179639013793 -6.336315780666808 -1.085623092638738 -6.4086989709869755
-1.085623092638738 -6.4086989709869755 -3.455487874522449 -5.505415837975215
-3.455487874522449 -5.505415837975215 -5.299285951585702 -3.763983050350576
-5.299285951585702 -3.763983050350576 -6.336315780666807 -1.4495179639013798
-6.336315780666807 -1.4495179639013798 -6.4086989709869755 1.085623092638738
-6.4086989709869755 1.085623092638738 -5.505415837975215 3.455487874522449
-5.505415837975215 3.455487874522449 -3.7639830503505762 5.299285951585702
-3.7639830503505762 5.299285951585702 39.095508066405124 33.90442626991913
39.095508066405124 33.90442626991913 89.76868250661019 65.52986594603142
89.76868250661019 65.52986594603142 146.2887789600539 104.41224161915314
146.2887789600539 104.41224161915314 162.3969734665211 115.94904326717109
162.3969734665211 115.94904326717109 196.3705740748909 145.46473538539408
196.3705740748909 145.46473538539408 213.05118717417298 161.68206622434943
213.05118717417298 161.68206622434943 255.53052962689293 208.5911279493916
255.53052962689293 208.5911279493916 294.4997679531632 258.4293678628834
294.4997679531632 258.4293678628834 369.9376832494287 359.06588666798785
369.9376832494287 359.06588666798785 386.0940188458826 379.34193608645546
386.0940188458826 379.34193608645546 459.28470090280746 480.40122925626173
459.28470090280746 480.40122925626173 488.41351573503266 515.4270141664455
488.41351573503266 515.4270141664455 509.197863282117 537.2362331440142
509.197863282117 537.2362331440142 541.346191174461 567.9168904898826
541.346191174461 567.9168904898826 673.4040305040062 678.597533704247
673.4040305040062 678.597533704247 738.8652119407868 736.5646790177645
738.8652119407868 736.5646790177645 801.81160871758 788.9728247921533
801.81160871758 788.9728247921533 925.3762928732679 895.4690880219209
925.3762928732679 895.4690880219209 991.4667259952358 945.3566007558686
991.4667259952358 945.3566007558686 1053.6893232485218 986.6784632485463
1053.6893232485218 986.6784632485463 1080.8011346607452 1002.0046227592884
1080.8011346607452 1002.0046227592884 1110.0902465379309 1014.7396622115499
1110.0902465379309 1014.7396622115499 1141.3465442336808 1026.7629914650838
1141.3465442336808 1026.7629914650838 1178.767969312416 1035.3215497350704
1178.767969312416 1035.3215497350704 1245.1125058211644 1047.0296272696114
1245.1125058211644 1047.0296272696114 1293.2418304630437 1053.8195772732292
1293.2418304630437 1053.8195772732292 1318.7462121542378 1058.6894381942946
1318.7462121542378 1058.6894381942946 1356.8691950011018 1064.6655341311525
1356.8691950011018 1064.6655341311525 1395.934512672654 1069.2458182259477
1395.934512672654 1069.2458182259477 1531.7777910862974 1089.922412621237
1531.7777910862974 1089.922412621237 1591.1360972842824 1097.531702982281
1591.1360972842824 1097.531702982281 1625.653419686912 1103.5758378609378
1625.653419686912 1103.5758378609378 1657.9250480120288 1106.3433575901408
1657.9250480120288 1106.3433575901408 1685.6452237760786 1110.0885382654267
1685.6452237760786 1110.0885382654267 1706.7905763644026 1114.4495943375173
1706.7905763644026 1114.4495943375173 1727.9606802237115 1123.8710398193007
1727.9606802237115 1123.8710398193007 1746.8197935875583 1137.402185622131
1746.8197935875583 1137.402185622131 1762.4133362048613 1155.9049450569273
1762.4133362048613 1155.9049450569273 1771.608439480116 1176.0781788647892
1771.608439480116 1176.0781788647892 1780.2416087402494 1201.6612479337364
1780.2416087402494 1201.6612479337364 1805.1832195780205 1285.2563061828769
1805.1832195780205 1285.2563061828769 1826.9318983964954 1340.2592969039247
1826.9318983964954 1340.2592969039247 1840.1553667857493 1366.1050472863203
1840.1553667857493 1366.1050472863203 1857.1423313392709 1396.7606803621393
1857.1423313392709 1396.7606803621393 1906.9255559652088 1463.8310208586624
1906.9255559652088 1463.8310208586624 1915.9799605586165 1474.4441494926207
1915.9799605586165 1474.4441494926207 1947.0449147687716 1504.591909826893
1947.0449147687716 1504.591909826893 1996.2970413114947 1547.3149007886882
1996.2970413114947 1547.3149007886882 2042.519370720265 1588.590331259591
2042.519370720265 1588.590331259591 2105.2228951670695 1649.016805165163
2105.2228951670695 1649.016805165163 2131.417498623448 1673.7466979135527
2131.417498623448 1673.7466979135527 2148.499873293981 1689.8838042095995
2148.499873293981 1689.8838042095995 2226.90408887122 1772.1379712573091
2226.90408887122 1772.1379712573091 2235.9653610945998 1786.4939553057814
2235.9653610945998 1786.4939553057814 2223.667189136394 1799.8931073082906
2223.667189136394 1799.8931073082906 2218.278494340667 1824.094211918637
2218.278494340667 1824.094211918637 2223.777574379332 1841.5290402250298
2223.777574379332 1841.5290402250298 2207.6776050885264 1853.125268312063
2207.6776050885264 1853.125268312063 2185.5992424157166 1866.9753549832226
2185.5992424157166 1866.9753549832226 2139.615999243021 1894.1068326994348
2139.615999243021 1894.1068326994348 2108.309384107377 1912.2209714471246
2108.309384107377 1912.2209714471246 2058.1818647986056 1942.9785464225506
2058.1818647986056 1942.9785464225506 2011.2287151102444 1973.719985028064
2011.2287151102444 1973.719985028064 1987.2246258053872 1990.4718274458285
1987.2246258053872 1990.4718274458285 1937.4282333164274 2028.4554692860368
1937.4282333164274 2028.4554692860368 1917.2606735396153 2045.2877357729087
1917.2606735396153 2045.2877357729087 1873.2919460192406 2085.0028332127763
1873.2919460192406 2085.0028332127763 1823.662769571482 2131.4137309428884
1823.662769571482 2131.4137309428884 1718.0002859446759 2232.2062300011107
1718.0002859446759 2232.2062300011107 1685.3744504404538 2264.550042624407
1685.3744504404538 2264.550042624407 1664.5632286317596 2283.135956202563
1664.5632286317596 2283.135956202563 1568.7435432284597 2374.749725729008
1568.7435432284597 2374.749725729008 1509.0563539221944 2431.518788451469
1509.0563539221944 2431.518788451469 1310.2913029726228 2621.999974781881
1310.2913029726228 2621.999974781881 1154.4017399626787 2769.7050357895027
1154.4017399626787 2769.7050357895027 1100.5856237642 2821.3503190808274
1100.5856237642 2821.3503190808274 959.5697875391536 2953.6521941440396
959.5697875391536 2953.6521941440396 958.1103289844953 2955.7263590916828
958.1103289844953 2955.7263590916828 957.5557136587535 2958.2011482429534
957.5557136587535 2958.2011482429534 957.9903767176717 2960.699797383591
957.9903767176717 2960.699797383591 959.3481446507602 2962.841909832244
959.3481446507602 2962.841909832244 961.4223095984032 2964.3013683869017
961.4223095984032 2964.3013683869017 963.8970987496742 2964.8559837126436
963.8970987496742 2964.8559837126436 966.3957478903117 2964.4213206537256
966.3957478903117 2964.4213206537256 968.5378603389643 2963.063552720637
968.5378603389643 2963.063552720637 1107.496938616736 2828.577652677121
1107.496938616736 2828.577652677121 1161.3028400574808 2776.9422207897474
1161.3028400574808 2776.9422207897474 1317.1898657133238 2629.239549463381
1317.1898657133238 2629.239549463381 1515.9617590497187 2438.7517748417795
1515.9617590497187 2438.7517748417795 1575.6447297978689 2381.986711625229
1575.6447297978689 2381.986711625229 1671.3518761141277 2290.4825287899707
1671.3518761141277 2290.4825287899707 1692.2320989599168 2271.8376110654244
1692.2320989599168 2271.8376110654244 1724.9727038110068 2239.3758857831767
1724.9727038110068 2239.3758857831767 1830.529337966745 2138.6838860202
1830.529337966745 2138.6838860202 1880.0592894822275 2092.3661223621534
1880.0592894822275 2092.3661223621534 1923.8196847621398 2052.8412686869196
1923.8196847621398 2052.8412686869196 1943.668953925112 2036.2752894480107
1943.668953925112 2036.2752894480107 1993.1225430006218 1998.5529227160876
1993.1225430006218 1998.5529227160876 2016.8309230663347 1982.0060670848134
2016.8309230663347 1982.0060670848134 2063.5373536869174 1951.4261364819313
2063.5373536869174 1951.4261364819313 2113.4297114412566 1920.812568414316
2113.4297114412566 1920.812568414316 2144.6610545490084 1902.7411264688205
2144.6610545490084 1902.7411264688205 2190.798610499157 1875.5195723895608
2190.798610499157 1875.5195723895608 2212.9925958852227 1861.5958571006693
2212.9925958852227 1861.5958571006693 2230.5741273933 1852.0657042171988
2230.5741273933 1852.0657042171988 2245.5313096004024 1865.3500688666784
2245.5313096004024 1865.3500688666784 2271.7227764305962 1870.0413366364164
2271.7227764305962 1870.0413366364164 2289.8029240423984 1863.0397579140513
2289.8029240423984 1863.0397579140513 2316.0968933697436 1907.5450939083046
2316.0968933697436 1907.5450939083046 2316.6623096075596 1930.6569949901857
2316.6623096075596 1930.6569949901857 2317.1536810658417 1955.1338605602907
2317.1536810658417 1955.1338605602907 2325.3475415516236 1975.9420774853245
2325.3475415516236 1975.9420774853245 2335.0861046740597 1991.709903918482
2335.0861046740597 1991.709903918482 2358.371175930993 2008.7068024728856
2358.371175930993 2008.7068024728856 2471.1984053463575 2093.2518795315564
2471.1984053463575 2093.2518795315564 2523.5235229903933 2134.2012455095755
2523.5235229903933 2134.2012455095755 2560.1801169562455 2159.551144630463
2560.1801169562455 2159.551144630463 2575.1482102496675 2168.6950612843093
2575.1482102496675 2168.6950612843093 2611.567047418918 2193.4335656021294
2611.567047418918 2193.4335656021294 2643.7064563611452 2213.810771614948
2643.7064563611452 2213.810771614948 2657.595961968266 2224.1376029618586
2657.595961968266 2224.1376029618586 2723.1210105423293 2268.7578267335866
2723.1210105423293 2268.7578267335866 2758.677324659829 2290.688119511907
2758.677324659829 2290.688119511907 2780.8724406425135 2302.2925282462184
2780.8724406425135 2302.2925282462184 2802.659102342911 2310.9322692447295
2802.659102342911 2310.9322692447295 2857.7043634931915 2327.178282469193
2857.7043634931915 2327.178282469193 2876.939218220639 2334.1065830229572
2876.939218220639 2334.1065830229572 2916.7920224711684 2349.1753653153796
2916.7920224711684 2349.1753653153796 2948.6252446307985 2364.5276946360736
2948.6252446307985 2364.5276946360736 2981.482636885545 2382.4188149663482
2981.482636885545 2382.4188149663482 3027.9522330672717 2411.300185059386
3027.9522330672717 2411.300185059386 3099.8889038802986 2465.0184043973586
3099.8889038802986 2465.0184043973586 3124.0311845940137 2479.7749123146564
3124.0311845940137 2479.7749123146564 3154.328430936265 2492.585968218731
3154.328430936265 2492.585968218731 3190.057507170595 2506.2262582821118
3190.057507170595 2506.2262582821118 3220.832671873386 2525.5028169779935
3220.832671873386 2525.5028169779935 3231.665775866004 2533.890137922588
3231.665775866004 2533.890137922588 3277.0454244859357 2573.699052131059
3277.0454244859357 2573.699052131059 3335.762481041306 2627.285130350866
3335.762481041306 2627.285130350866 3360.22130663542 2650.620469244605
3360.22130663542 2650.620469244605 3377.4609718423976 2664.408305805884
3377.4609718423976 2664.408305805884 3435.6449686159076 2703.0644586661433
3435.6449686159076 2703.0644586661433 3462.060456123999 2722.393343804375
3462.060456123999 2722.393343804375 3485.1021045479156 2737.8864243392472
3485.1021045479156 2737.8864243392472 3518.5100364437526 2763.7491321557136
3518.5100364437526 2763.7491321557136 3571.158732957924 2800.099473052257
3571.158732957924 2800.099473052257 3634.404046983753 2836.858550913238
3634.404046983753 2836.858550913238 3676.4542957091403 2864.5606318201194
3676.4542957091403 2864.5606318201194 3746.21179601153 2898.867492407958
3746.21179601153 2898.867492407958 3760.54516635368 2908.054482579198
3760.54516635368 2908.054482579198 3776.426289599544 2922.4181506693626
3776.426289599544 2922.4181506693626 3794.084353920285 2941.6459698548383
3794.084353920285 2941.6459698548383 3812.8287869847613 2968.3333635446143
3812.8287869847613 2968.3333635446143 3824.3469039588163 2983.391146122036
3824.3469039588163 2983.391146122036 3833.2612449351664 2997.16542913594
3833.2612449351664 2997.16542913594 3852.003788417045 3023.2166112887357
3852.003788417045 3023.2166112887357 3862.231430193932 3034.3938820002804
3862.231430193932 3034.3938820002804 3878.0685628952506 3048.538015655132
3878.0685628952506 3048.538015655132 3918.4158580481367 3079.8071631002836
3918.4158580481367 3079.8071631002836 4022.8608696004776 3150.0192009739544
4022.8608696004776 3150.0192009739544 4040.6476404630057 3161.2867409599226
4040.6476404630057 3161.2867409599226 4057.142866539455 3169.654161599924
4057.142866539455 3169.654161599924 4099.593982295585 3195.2477552794953
4099.593982295585 3195.2477552794953 4102.004616745486 3196.0358041686827
4102.004616745486 3196.0358041686827 4104.533325827901 3195.8413565425562
4104.533325827901 3195.8413565425562 4106.795136507839 3194.6940152895204
4106.795136507839 3194.6940152895204 4108.445708612642 3192.7684527146766
4108.445708612642 3192.7684527146766 4109.23375750183 3190.357818264776
4109.23375750183 3190.357818264776 4109.039309875703 3187.8291091823608
4109.039309875703 3187.8291091823608 4107.891968622667 3185.5672985024235
4107.891968622667 3185.5672985024235 4105.9664060478235 3183.9167263976196
4105.9664060478235 3183.9167263976196 4061.860024854389 3160.831505889545
4061.860024854389 3160.831505889545 4045.601957935799 3152.5744644204874
4045.601957935799 3152.5744644204874 4028.3266510380963 3141.642872373763
4028.3266510380963 3141.642872373763 3924.278284893249 3071.691780630905
3924.278284893249 3071.691780630905 3884.4742888019373 3040.843177453725
3884.4742888019373 3040.843177453725 3869.2785680973334 3027.2632829868962
3869.2785680973334 3027.2632829868962 3859.7909614287055 3016.8884815682973
3859.7909614287055 3016.8884815682973 3841.524987941425 2991.523288408139
3841.524987941425 2991.523288408139 3832.5349096166974 2977.6233171350086
3832.5349096166974 2977.6233171350086 3820.8972546214004 2962.4186058226514
3820.8972546214004 2962.4186058226514 3801.908886848736 2935.3502537736827
3801.908886848736 2935.3502537736827 3783.4865353650725 2915.306514275793
3783.4865353650725 2915.306514275793 3766.6598948193864 2900.054748375002
3766.6598948193864 2900.054748375002 3751.137541037764 2890.1285845074553
3751.137541037764 2890.1285845074553 3681.4402299990247 2855.8470954474737
3681.4402299990247 2855.8470954474737 3639.6728596158173 2828.3499893065755
3639.6728596158173 2828.3499893065755 3576.524198590992 2791.6428813332977
3576.524198590992 2791.6428813332977 3524.418174334875 2755.6718346818416
3524.418174334875 2755.6718346818416 3490.9624351453804 2729.7697503204818
3490.9624351453804 2729.7697503204818 3467.8061676483094 2714.2039555404626
3467.8061676483094 2714.2039555404626 3441.3691033911264 2694.8585680557812
3441.3691033911264 2694.8585680557812 3383.3681647885883 2656.3154971853273
3383.3681647885883 2656.3154971853273 3366.8139619562967 2643.0761393583957
3366.8139619562967 2643.0761393583957 3342.585200289211 2619.972486798636
3342.585200289211 2619.972486798636 3283.714289107469 2566.246168913064
3283.714289107469 2566.246168913064 3238.034130857104 2526.1680721038847
3238.034130857104 2526.1680721038847 3226.57197312487 2517.283871044322
3226.57197312487 2517.283871044322 3194.558286214017 2497.1893233726455
3194.558286214017 2497.1893233726455 3158.0598807096826 2483.3046806715556
3158.0598807096826 2483.3046806715556 3128.6240820574044 2470.8306265415818
3128.6240820574044 2470.8306265415818 3105.5050881767716 2456.7183080509403
3105.5050881767716 2456.7183080509403 3033.598370819329 2403.0245835993414
3033.598370819329 2403.0245835993414 2986.5189935692447 2373.770110165807
2986.5189935692447 2373.770110165807 2953.192768688016 2355.6249713180096
2953.192768688016 2355.6249713180096 2920.7437407054554 2339.968199158458
2920.7437407054554 2339.968199158458 2880.4022562966097 2324.7247137227305
2880.4022562966097 2324.7247137227305 2860.8188526509903 2317.666565619727
2860.8188526509903 2317.666565619727 2805.9282054650785 2301.4600360549102
2805.9282054650785 2301.4600360549102 2785.048825612921 2293.176671914136
2785.048825612921 2293.176671914136 2763.6272774248523 2281.984662551577
2763.6272774248523 2281.984662551577 2728.5640365859085 2260.3628465168204
2728.5640365859085 2260.3628465168204 2663.397825382333 2215.987446796844
2663.397825382333 2215.987446796844 2649.379097046058 2205.558587434998
2649.379097046058 2205.558587434998 2617.0557335509143 2185.0714719216767
2617.0557335509143 2185.0714719216767 2580.5692376547368 2160.2850067920926
2580.5692376547368 2160.2850067920926 2565.6373386931305 2151.16192466691
2565.6373386931305 2151.16192466691 2529.4566084643725 2126.1406990806354
2529.4566084643725 2126.1406990806354 2477.279083278506 2085.3116481680036
2477.279083278506 2085.3116481680036 2364.329524542513 2000.6754476908186
2364.329524542513 2000.6754476908186 2342.68566670103 1984.6722912264097
2342.68566670103 1984.6722912264097 2334.362129332911 1971.4219697327896
2334.362129332911 1971.4219697327896 2327.2552666916035 1953.107949489571
2327.2552666916035 1953.107949489571 2326.6601963964536 1930.4489898652575
2326.6601963964536 1930.4489898652575 2326.320244520379 1904.7825290790254
2326.320244520379 1904.7825290790254 2300.360063804289 1855.6389409454412
2300.360063804289 1855.6389409454412 2311.2370942070424 1842.285239719907
2311.2370942070424 1842.285239719907 2315.6800150106724 1819.389009040036
2315.6800150106724 1819.389009040036 2311.579449518917 1802.6627639662993
2311.579449518917 1802.6627639662993 2410.2118495443524 1733.154362505566
2410.2118495443524 1733.154362505566 2441.628674413598 1708.5972253454477
2441.628674413598 1708.5972253454477 2461.620440298254 1694.4382962295335
2461.620440298254 1694.4382962295335 2463.248365186101 1692.4935494433623
2463.248365186101 1692.4935494433623 2464.0081492952363 1690.0738578079875
2464.0081492952363 1690.0738578079875 2463.784122382503 1687.5475974403357
2463.784122382503 1687.5475974403357 2462.610390514556 1685.299368580775
2462.610390514556 1685.299368580775 2460.6656437283846 1683.6714436929276
2460.6656437283846 1683.6714436929276 2458.24595209301 1682.911659583793
2458.24595209301 1682.911659583793 2455.719691725358 1683.1356864965262
2455.719691725358 1683.1356864965262 2453.4714628657975 1684.309418364473
2453.4714628657975 1684.309418364473 2435.4149976665535 1700.7614000106603
2435.4149976665535 1700.7614000106603 2404.2933407922587 1725.0821723991226
2404.2933407922587 1725.0821723991226 2304.6570549119056 1791.7836401267973
2304.6570549119056 1791.7836401267973 2290.10873154525 1779.5516704415697
2290.10873154525 1779.5516704415697 2265.017990197201 1773.8277912576496
2265.017990197201 1773.8277912576496 2246.4531966952786 1779.680771879192
2246.4531966952786 1779.680771879192 2234.5980977307613 1765.6869316310783
2244.9115144491648 1792.3712398259881 2247.208667516178 1791.2964062158385
2247.208667516178 1791.2964062158385 2248.552829862664 1789.8256599347608
2248.552829862664 1789.8256599347608 2265.4504694983766 1784.5039331513644
2265.4504694983766 1784.5039331513644 2285.0848561551206 1788.9836908856612
2285.0848561551206 1788.9836908856612 2298.639764900206 1803.4286590544966
2298.639764900206 1803.4286590544966 2305.098828378686 1819.9745246766129
2305.098828378686 1819.9745246766129 2301.6424152848035 1837.7932940040434
2301.6424152848035 1837.7932940040434 2291.68731520059 1849.983818591505
2291.68731520059 1849.983818591505 2290.1202410239907 1850.4908586035153
2290.1202410239907 1850.4908586035153 2288.189691597421 1852.1355951825356
2288.189691597421 1852.1355951825356 2287.8849573437774 1852.7318529828517
2287.8849573437774 1852.7318529828517 2270.6965244198846 1859.3630711740034
2270.6965244198846 1859.3630711740034 2250.2163465158596 1855.6923340564288
2250.2163465158596 1855.6923340564288 2236.577188575315 1843.589438996674
2236.577188575315 1843.589438996674 2235.747399208107 1841.4120935956494
2235.747399208107 1841.4120935956494 2234.006050905832 1839.5682157274157
2234.006050905832 1839.5682157274157 2233.975700534313 1839.5546151310268
2233.975700534313 1839.5546151310268 2228.941548269874 1823.6313266853244
2228.941548269874 1823.6313266853244 2233.127095482997 1804.8278347121257
2233.127095482997 1804.8278347121257 2244.5444008651953 1792.387748596982
2244.5444008651953 1792.387748596982 2244.9115144491648 1792.3712398259881
2234.5980977307613 1765.6869316310783
2155.5593763981497 1682.7915020621622
2138.283203831447 1666.4760655689286
2112.125191272935 1641.7805365503814
2049.3229261427095 1581.2565825549536
2002.9042446146648 1539.8078932136063
1953.8117217973384 1497.2185247417804
1923.2896820361195 1467.5879048683353
1914.7575127330633 1457.594664304925
1865.5852189219174 1391.320891086455
1848.9834707645518 1361.4017625368947
1836.06479169751 1336.1297806365624
1814.6506559598295 1281.9787432138764
1789.775123382034 1198.6323466650338
1780.9349548628802 1172.400849706608
1771.027087570603 1150.4654160216032
1753.711022356983 1129.9454859648893
1732.9835644381226 1115.105543747216
1709.8819200973726 1104.8165491260347
1687.3213970742981 1100.2183142429096
1659.0229472520543 1096.3978714410941
1626.9467706247583 1093.640495085035
1592.634866523308 1087.639361010845
1533.1661550852546 1080.0178567521202
1397.2697683566375 1059.3323912301087
1358.2265345087324 1054.7542890199293
1320.459141033625 1048.8344375190538
1294.879590152309 1043.9486260709668
1246.6806068978015 1037.1503181285107
1180.7550016084783 1025.5144653403747
1144.2781746559133 1017.1499184673507
1113.880981983852 1005.4809005333358
1085.2738033440912 993.0303776282908
1058.9255167178871 978.143817087625
997.2530205860429 937.1895243022161
931.6627167802296 887.6786812764835
808.275753656599 781.3420104768508
745.3814805495115 728.9762259139595
679.9323891836002 671.0201010354798
548.0202664657324 560.4560314947602
516.2754725008803 530.1637365045556
495.8903186059681 508.7692635376444
467.19175423758577 474.26099586723313
394.06013943900507 373.28827799375904
377.8513364553677 352.94887508911773
302.440741239948 252.34976426860374
263.19068316531735 202.1425885124159
220.2535660925676 154.73022601025016
203.14332945216404 138.0968233529568
168.60733300259153 108.08300445531755
152.03373444843936 96.22610193856228
95.25404715749946 57.162646305405296
44.64560644242116 25.575310907572057
3.7639830503505753 -5.299285951585702
3.763983050350576 -5.299285951585703
1.4495179639013793 -6.336315780666808
-1.085623092638738 -6.4086989709869755
-3.455487874522449 -5.505415837975215
-5.299285951585702 -3.763983050350576
-6.336315780666807 -1.4495179639013798
-6.4086989709869755 1.085623092638738
-5.505415837975215 3.455487874522449
-3.7639830503505762 5.299285951585702
39.095508066405124 33.90442626991913
89.76868250661019 65.52986594603142
146.2887789600539 104.41224161915314
162.3969734665211 115.94904326717109
196.3705740748909 145.46473538539408
213.05118717417298 161.68206622434943
255.53052962689293 208.5911279493916
294.4997679531632 258.4293678628834
369.9376832494287 359.06588666798785
386.0940188458826 379.34193608645546
459.28470090280746 480.40122925626173
488.41351573503266 515.4270141664455
509.197863282117 537.2362331440142
541.346191174461 567.9168904898826
673.4040305040062 678.597533704247
738.8652119407868 736.5646790177645
801.81160871758 788.9728247921533
925.3762928732679 895.4690880219209
991.4667259952358 945.3566007558686
1053.6893232485218 986.6784632485463
1080.8011346607452 1002.0046227592884
1110.0902465379309 1014.7396622115499
1141.3465442336808 1026.7629914650838
1178.767969312416 1035.3215497350704
1245.1125058211644 1047.0296272696114
1293.2418304630437 1053.8195772732292
1318.7462121542378 1058.6894381942946
1356.8691950011018 1064.6655341311525
1395.934512672654 1069.2458182259477
1531.7777910862974 1089.922412621237
1591.1360972842824 1097.531702982281
1625.653419686912 1103.5758378609378
1657.9250480120288 1106.3433575901408
1685.6452237760786 1110.0885382654267
1706.7905763644026 1114.4495943375173
1727.9606802237115 1123.8710398193007
1746.8197935875583 1137.402185622131
1762.4133362048613 1155.9049450569273
1771.608439480116 1176.0781788647892
1780.2416087402494 1201.6612479337364
1805.1832195780205 1285.2563061828769
1826.9318983964954 1340.2592969039247
1840.1553667857493 1366.1050472863203
1857.1423313392709 1396.7606803621393
1906.9255559652088 1463.8310208586624
1915.9799605586165 1474.4441494926207
1947.0449147687716 1504.591909826893
1996.2970413114947 1547.3149007886882
2042.519370720265 1588.590331259591
2105.2228951670695 1649.016805165163
2131.417498623448 1673.7466979135527
2148.499873293981 1689.8838042095995
2226.90408887122 1772.1379712573091
2235.9653610945998 1786.4939553057814
2223.667189136394 1799.8931073082906
2218.278494340667 1824.094211918637
2223.777574379332 1841.5290402250298
2207.6776050885264 1853.125268312063
2185.5992424157166 1866.9753549832226
2139.615999243021 1894.1068326994348
2108.309384107377 1912.2209714471246
2058.1818647986056 1942.9785464225506
2011.2287151102444 1973.719985028064
1987.2246258053872 1990.4718274458285
1937.4282333164274 2028.4554692860368
1917.2606735396153 2045.2877357729087
1873.2919460192406 2085.0028332127763
1823.662769571482 2131.4137309428884
1718.0002859446759 2232.2062300011107
1685.3744504404538 2264.550042624407
1664.5632286317596 2283.135956202563
1568.7435432284597 2374.749725729008
1509.0563539221944 2431.518788451469
1310.2913029726228 2621.999974781881
1154.4017399626787 2769.7050357895027
1100.5856237642 2821.3503190808274
959.5697875391536 2953.6521941440396
958.1103289844953 2955.7263590916828
957.5557136587535 2958.2011482429534
957.9903767176717 2960.699797383591
959.3481446507602 2962.841909832244
961.4223095984032 2964.3013683869017
963.8970987496742 2964.8559837126436
966.3957478903117 2964.4213206537256
968.5378603389643 2963.063552720637
1107.496938616736 2828.577652677121
1161.3028400574808 2776.9422207897474
1317.1898657133238 2629.239549463381
1515.9617590497187 2438.7517748417795
1575.6447297978689 2381.986711625229
1671.3518761141277 2290.4825287899707
1692.2320989599168 2271.8376110654244
1724.9727038110068 2239.3758857831767
1830.529337966745 2138.6838860202
1880.0592894822275 2092.3661223621534
1923.8196847621398 2052.8412686869196
1943.668953925112 2036.2752894480107
1993.1225430006218 1998.5529227160876
2016.8309230663347 1982.0060670848134
2063.5373536869174 1951.4261364819313
2113.4297114412566 1920.812568414316
2144.6610545490084 1902.7411264688205
2190.798610499157 1875.5195723895608
2212.9925958852227 1861.5958571006693
2230.5741273933 1852.0657042171988
2245.5313096004024 1865.3500688666784
2271.7227764305962 1870.0413366364164
2289.8029240423984 1863.0397579140513
2316.0968933697436 1907.5450939083046
2316.6623096075596 1930.6569949901857
2317.1536810658417 1955.1338605602907
2325.3475415516236 1975.9420774853245
2335.0861046740597 1991.709903918482
2358.371175930993 2008.7068024728856
2471.1984053463575 2093.2518795315564
2523.5235229903933 2134.2012455095755
2560.1801169562455 2159.551144630463
2575.1482102496675 2168.6950612843093
2611.567047418918 2193.4335656021294
2643.7064563611452 2213.810771614948
2657.595961968266 2224.1376029618586
2723.1210105423293 2268.7578267335866
2758.677324659829 2290.688119511907
2780.8724406425135 2302.2925282462184
2802.659102342911 2310.9322692447295
2857.7043634931915 2327.178282469193
2876.939218220639 2334.1065830229572
2916.7920224711684 2349.1753653153796
2948.6252446307985 2364.5276946360736
2981.482636885545 2382.4188149663482
3027.9522330672717 2411.300185059386
3099.8889038802986 2465.0184043973586
3124.0311845940137 2479.7749123146564
3154.328430936265 2492.585968218731
3190.057507170595 2506.2262582821118
3220.832671873386 2525.5028169779935
3231.665775866004 2533.890137922588
3277.0454244859357 2573.699052131059
3335.762481041306 2627.285130350866
3360.22130663542 2650.620469244605
3377.4609718423976 2664.408305805884
3435.6449686159076 2703.0644586661433
3462.060456123999 2722.393343804375
3485.1021045479156 2737.8864243392472
3518.5100364437526 2763.7491321557136
3571.158732957924 2800.099473052257
3634.404046983753 2836.858550913238
3676.4542957091403 2864.5606318201194
3746.21179601153 2898.867492407958
3760.54516635368 2908.054482579198
3776.426289599544 2922.4181506693626
3794.084353920285 2941.6459698548383
3812.8287869847613 2968.3333635446143
3824.3469039588163 2983.391146122036
3833.2612449351664 2997.16542913594
3852.003788417045 3023.2166112887357
3862.231430193932 3034.3938820002804
3878.0685628952506 3048.538015655132
3918.4158580481367 3079.8071631002836
4022.8608696004776 3150.0192009739544
4040.6476404630057 3161.2867409599226
4057.142866539455 3169.654161599924
4099.593982295585 3195.2477552794953
4102.004616745486 3196.0358041686827
4104.533325827901 3195.8413565425562
4106.795136507839 3194.6940152895204
4108.445708612642 3192.7684527146766
4109.23375750183 3190.357818264776
4109.039309875703 3187.8291091823608
4107.891968622667 3185.5672985024235
4105.9664060478235 3183.9167263976196
4061.860024854389 3160.831505889545
4045.601957935799 3152.5744644204874
4028.3266510380963 3141.642872373763
3924.278284893249 3071.691780630905
3884.4742888019373 3040.843177453725
3869.2785680973334 3027.2632829868962
3859.7909614287055 3016.8884815682973
3841.524987941425 2991.523288408139
3832.5349096166974 2977.6233171350086
3820.8972546214004 2962.4186058226514
3801.908886848736 2935.3502537736827
3783.4865353650725 2915.306514275793
3766.6598948193864 2900.054748375002
3751.137541037764 2890.1285845074553
3681.4402299990247 2855.8470954474737
3639.6728596158173 2828.3499893065755
3576.524198590992 2791.6428813332977
3524.418174334875 2755.6718346818416
3490.9624351453804 2729.7697503204818
3467.8061676483094 2714.2039555404626
3441.3691033911264 2694.8585680557812
3383.3681647885883 2656.3154971853273
3366.8139619562967 2643.0761393583957
3342.585200289211 2619.972486798636
3283.714289107469 2566.246168913064
3238.034130857104 2526.1680721038847
3226.57197312487 2517.283871044322
3194.558286214017 2497.1893233726455
3158.0598807096826 2483.3046806715556
3128.6240820574044 2470.8306265415818
3105.5050881767716 2456.7183080509403
3033.598370819329 2403.0245835993414
2986.5189935692447 2373.770110165807
2953.192768688016 2355.6249713180096
2920.7437407054554 2339.968199158458
2880.4022562966097 2324.7247137227305
2860.8188526509903 2317.666565619727
2805.9282054650785 2301.4600360549102
2785.048825612921 2293.176671914136
2763.6272774248523 2281.984662551577
2728.5640365859085 2260.3628465168204
2663.397825382333 2215.987446796844
2649.379097046058 2205.558587434998
2617.0557335509143 2185.0714719216767
2580.5692376547368 2160.2850067920926
2565.6373386931305 2151.16192466691
2529.4566084643725 2126.1406990806354
2477.279083278506 2085.3116481680036
2364.329524542513 2000.6754476908186
2342.68566670103 1984.6722912264097
2334.362129332911 1971.4219697327896
2327.2552666916035 1953.107949489571
2326.6601963964536 1930.4489898652575
2326.320244520379 1904.7825290790254
2300.360063804289 1855.6389409454412
2311.2370942070424 1842.285239719907
2315.6800150106724 1819.389009040036
2311.579449518917 1802.6627639662993
2410.2118495443524 1733.154362505566
2441.628674413598 1708.5972253454477
2461.620440298254 1694.4382962295335
2463.248365186101 1692.4935494433623
2464.0081492952363 1690.0738578079875
2463.784122382503 1687.5475974403357
2462.610390514556 1685.299368580775
2460.6656437283846 1683.6714436929276
2458.24595209301 1682.911659583793
2455.719691725358 1683.1356864965262
2453.4714628657975 1684.309418364473
2435.4149976665535 1700.7614000106603
2404.2933407922587 1725.0821723991226
2304.6570549119056 1791.7836401267973
2290.10873154525 1779.5516704415697
2265.017990197201 1773.8277912576496
2246.4531966952786 1779.680771879192
2234.5980977307613 1765.6869316310783
2244.9115144491648 1792.3712398259881
2247.208667516178 1791.2964062158385
2248.552829862664 1789.8256599347608
2265.4504694983766 1784.5039331513644
2285.0848561551206 1788.9836908856612
2298.639764900206 1803.4286590544966
2305.098828378686 1819.9745246766129
2301.6424152848035 1837.7932940040434
2291.68731520059 1849.983818591505
2290.1202410239907 1850.4908586035153
2288.189691597421 1852.1355951825356
2287.8849573437774 1852.7318529828517
2270.6965244198846 1859.3630711740034
2250.2163465158596 1855.6923340564288
2236.577188575315 1843.589438996674
2235.747399208107 1841.4120935956494
2234.006050905832 1839.5682157274157
2233.975700534313 1839.5546151310268
2228.941548269874 1823.6313266853244
2233.127095482997 1804.8278347121257
2244.5444008651953 1792.387748596982
2244.9115144491648 1792.3712398259881
118 328 327
327 326 325
321 320 319
312 311 331
329 328 118
118 117 116
113 112 111
110 109 108
108 107 106
106 105 104
104 103 102
95 94 93
93 92 91
91 90 89
88 87 86
86 85 84
84 83 82
82 81 80
79 78 77
77 76 75
75 74 73
72 71 70
64 63 62
62 61 60
60 59 58
58 57 56
52 51 50
50 49 48
48 47 46
46 45 44
44 43 42
39 38 37
37 36 35
28 27 26
25 24 23
23 22 21
21 20 19
19 18 17
17 16 15
15 14 13
6 5 4
3 2 1
1 309 308
308 307 306
303 302 301
301 300 299
299 298 297
297 296 295
295 294 293
293 292 291
291 290 289
288 287 286
283 282 281
279 278 277
277 276 275
271 270 269
269 268 267
267 266 265
262 261 260
260 259 258
258 257 256
255 254 253
253 252 251
250 249 248
248 247 246
246 245 244
243 242 241
235 234 233
233 232 231
231 230 229
229 228 227
227 226 225
224 223 222
222 221 220
220 219 218
218 217 216
216 215 214
211 210 209
209 208 207
206 205 204
204 203 202
197 196 195
195 194 193
188 187 186
186 185 184
184 183 182
182 181 180
180 179 178
176 175 174
174 173 172
170 169 168
166 165 164
155 154 153
153 152 151
151 150 149
148 147 146
146 145 144
144 143 142
142 141 140
140 139 138
138 137 136
136 135 134
134 133 132
132 131 130
130 129 128
128 127 126
126 125 124
124 123 122
119 118 327
327 325 324
321 319 318
312 331 330
329 118 116
114 113 111
111 110 108
108 106 104
95 93 91
91 89 88
88 86 84
84 82 80
79 77 75
75 73 72
64 62 60
60 58 56
52 50 48
48 46 44
25 23 21
21 19 17
15 13 12
6 4 3
3 1 308
308 306 305
303 301 299
299 297 295
295 293 291
291 289 288
283 281 280
279 277 275
271 269 267
267 265 264
263 262 260
260 258 256
255 253 251
248 246 244
235 233 231
231 229 227
227 225 224
224 222 220
220 218 216
211 209 207
204 202 201
188 186 184
182 180 178
177 176 174
174 172 171
170 168 167
166 164 163
156 155 153
153 151 149
148 146 144
144 142 140
136 134 132
132 130 128
128 126 124
124 122 121
120 119 327
330 329 116
96 95 91
91 88 84
75 72 70
64 60 56
48 44 42
25 21 17
6 3 308
304 303 299
299 295 291
279 275 274
235 231 227
227 224 220
220 216 214
211 207 206
206 204 201
189 188 184
182 178 177
149 148 144
144 140 138
136 132 128
128 124 121
121 120 327
312 330 116
96 91 84
65 64 56
26 25 17
304 299 291
236 235 227
206 201 200
190 189 184
184 182 177
153 149 144
144 138 136
128 121 327
313 312 116
66 65 56
28 26 17
305 304 291
237 236 227
184 177 174
156 153 144
144 136 128
66 56 55
237 227 220
156 144 128
238 237 220
157 156 128
239 238 220
158 157 128
240 239 220
159 158 128
241 240 220
160 159 128
243 241 220
161 160 128
244 243 220
162 161 128
244 220 214
162 128 327
244 214 213
163 162 327
244 213 212
166 163 327
248 244 212
167 166 327
248 212 211
167 327 324
250 248 211
167 324 323
250 211 206
170 167 323
251 250 206
170 323 322
255 251 206
170 322 321
256 255 206
171 170 321
256 206 200
171 321 318
260 256 200
260 200 199
260 199 198
260 198 197
263 260 197
263 197 195
264 263 195
267 264 195
267 195 193
267 193 192
267 192 191
267 191 190
271 267 190
272 271 190
272 190 184
273 272 184
274 273 184
279 274 184
280 279 184
280 184 174
283 280 174
284 283 174
285 284 174
286 285 174
286 174 171
288 286 171
288 171 318
288 318 317
291 288 317
291 317 316
305 291 316
305 316 315
305 315 314
308 305 314
308 314 313
308 313 116
308 116 115
308 115 114
6 308 114
7 6 114
7 114 111
7 111 108
8 7 108
9 8 108
9 108 104
10 9 104
11 10 104
12 11 104
15 12 104
15 104 102
15 102 101
15 101 100
17 15 100
17 100 99
17 99 98
17 98 97
17 97 96
28 17 96
28 96 84
29 28 84
30 29 84
31 30 84
32 31 84
33 32 84
34 33 84
34 84 80
35 34 80
37 35 80
39 37 80
39 80 79
39 79 75
40 39 75
41 40 75
42 41 75
48 42 75
48 75 70
48 70 69
48 69 68
48 68 67
48 67 66
52 48 66
52 66 55
52 55 53
