170 169
380 381 377
4.417360822437331 21.402750615030527
0.0 0.0
541.187537478283 1371.020385351032
97.63513243058696 672.9422984216362
510.1522758223582 1332.9433987941593
9.740847691195086 40.31680930033326
727.1731569746044 1601.72212745063
20.274558168835938 190.1360636074096
389.6360496892594 1197.0608193036169
97.97493035742082 655.0237165093422
105.22395358304493 369.8196210991591
198.215464546578 844.1643033418804
124.81897710263729 480.81528127007186
365.96326896268874 1152.762102914974
337.5333001529798 1056.4497251436114
589.666031194618 1437.7173291314393
101.71270776796155 696.3360025826842
347.38750980002806 1101.4950491152704
13.47861555754207 62.466167494654655
21.973544030450284 211.04107583872974
412.9690456101671 1236.879890218377
118.81587623083033 423.07762844488025
246.2404110908974 901.9019561670721
123.00672012544237 533.8244194202125
49.83692407957278 280.7244499325752
345.1221740003675 1076.1103914063424
632.1414028778672 1488.4866445437074
119.15567436534911 746.3587104137987
349.8793793518562 1114.4362471587956
294.3786910136696 994.9790344238281
37.264420543797314 256.8330073878169
433.13057905016467 1261.269071150571
703.9532167550642 1566.1338328216225
17.55618096399121 110.7467909771949
290.5276261516847 988.5084354002029
113.26584050385281 589.5711186975241
65.01454705512151 304.61589248105884
165.3682518163696 811.064700646326
695.1183167716954 1553.1926347762346
138.18437524186447 779.9560514949262
354.0702512753196 1129.3683987539262
325.0739586458076 1037.0379280745983
80.5319744523149 326.5163814816624
94.46368527878076 348.4168704841286
123.91284860181622 467.6252140272409
124.36591284931637 519.8877446018159
117.68321580602787 568.1683680843562
103.4116976337973 623.4173289742321
99.4473880766891 644.0734720081091
104.77088958676904 708.779462242499
113.8321706391871 734.6618583332747
124.70571103855036 757.557824106887
155.51409408682957 801.6076713036746
179.29999685031362 826.9923290144652
226.4187859124504 873.7797373346984
237.51889461139217 887.4675429593772
261.98445290816016 931.2685209643096
340.93130316212773 1063.1691933628172
371.06027779658325 1160.725917097181
378.0828245326411 1173.9159843362868
427.2406916599721 1255.0473413206637
459.52181757288054 1286.6537288557738
469.48932921374217 1294.6175430361181
489.0845593472477 1312.2872557584196
561.0093432746362 1399.1426041852683
576.073923288146 1418.305532058701
606.3163706692867 1458.3734721653163
616.5104600235354 1471.3146702125669
655.3612948153168 1510.6360027398914
711.8819750745315 1576.088600549847
19.594963847426698 165.00027509219944
114.51176681369543 399.93279347755015
23.899061440955848 223.73340469039977
355.9957871946972 2231.85892463848
647.8856205851771 2039.2341690976173
561.1226107690018 2103.6912901382893
679.4873454147018 2021.8133255764842
604.3908207956702 2069.0984722822905
582.416906312108 2087.763661775738
514.6829692164902 2135.7954160626978
437.43472816282883 2183.82717035152
274.2172385531012 2283.3748476319015
226.4187859124504 2311.2481972705573
150.8701816482935 2358.035605592653
146.92851987318136 2360.2505414094776
1339.0525259587448 1587.5365834385157
1401.011297029676 1557.871375611052
1305.751148337964 1606.450642120093
1263.1616781994235 1634.323991758749
1636.6142209323589 1420.5453547984362
1500.1229079733603 1516.1111249886453
1608.6362895590719 1450.9073963686824
1573.8621311692987 1477.2875308487564
1544.52500199317 1494.210635986179
1651.4300739392638 1402.5272252131253
788.5644887622911 1956.609596958384
894.6969932182692 1864.0302570834756
988.2569741935004 1837.6501226089895
1022.4302168965805 1823.2654832396656
1052.3785555141512 1871.4465590436012
1246.8508312103804 1956.1118585709482
843.1598238458391 1856.315312096849
1123.613569719717 1908.3289734758437
853.807056928752 1872.7406788505614
787.9981475644745 1733.622799847275
1197.9183364859782 1933.2158927954733
825.6032232725993 1811.518857318908
795.4738521245308 1747.5594746675342
830.7002999389078 1826.6998781058937
1149.6655276659876 1718.1929098665714
1406.5615397195797 2071.3382950220257
1061.2475276468322 1880.5800584349781
1290.799519856926 1983.7363390158862
1333.3890240960754 2015.5915957447141
1350.1529923055787 2029.528270566836
1445.413263540715 2096.722952729091
1044.223180850735 1858.455587156117
1071.8268664791249 1888.469211857766
1085.4418233651668 1895.1389062386006
1280.1634789928794 1977.0417577177286
1225.4428562337998 1810.772249739617
1214.568969266722 1856.5641812887043
1210.4912625371944 1870.0031177233905
1205.0543209800962 1879.709016257897
1197.3519885737915 1889.4149147924036
1186.7046495473478 1900.1162900980562
1172.3194201213773 1917.2882644310594
1170.2805691913236 1922.763386681676
1035.1276749914978 1814.5550614744425
1194.973327442538 1683.6000920142978
1109.0018279987853 1751.2925125639886
1054.315457279561 1798.975849982351
759.114758787211 1668.9168096147478
765.1179709362332 1680.115923307836
777.0111301627476 1705.998319402337
1006.2327525988221 1830.831106711179
946.8005833060015 1852.0845358110964
867.5125426447485 1876.2248475514352
859.4704801186454 1880.704493029043
848.9365137282293 1888.4194380193949
841.3475291801151 1895.1389062386006
831.8329837445635 1905.0936739649624
816.7682921669912 1925.2520786132663
759.6810995112173 1978.7589551508427
738.613230823772 1992.1978915836662
1487.8896880259272 2120.6143952775747
1651.4527281534392 2196.768368396908
1621.5491781437304 2182.085085997358
1902.575608220417 2314.4834967814386
1931.120137876831 2328.917909987271
2095.3649142629 2404.325275529176
2148.03668056638 2435.931663064286
1827.7029660576954 2279.1440713480115
2465.6547999095637 2659.6650677528232
2912.5226208600216 2985.185972461477
2722.447336719837 2841.588447984308
2219.1720108899754 2484.710024934262
2395.4251493185293 2610.8867058865726
2560.691603194922 2728.3529650755227
2680.3092153985053 2812.221883183345
2706.1357997767627 2831.1359418705106
2821.7892943082843 2913.013906430453
2894.058766016038 2969.507213290781
3150.7412178372033 3184.5301962159574
3189.821458709659 3224.100397935137
2975.3904216389637 3035.2086802963167
3032.0281781756785 3083.2404345832765
3095.5758517968934 3134.5074883829802
3128.7656815650407 3163.874053178355
3202.3611279975157 3238.9330018479377
T 119 100
T 100 105
T 105 127
T 127 102
T 102 118
T 118 117
T 117 111
T 111 99
T 99 116
T 116 98
T 138 103
T 103 101
T 101 108
T 108 106
T 106 107
T 107 104
T 104 134
T 134 133
T 133 132
T 132 6
T 6 69
T 69 32
T 32 38
T 38 68
T 68 26
T 26 67
T 67 66
T 66 15
T 15 65
T 65 64
T 64 2
T 2 4
T 4 63
T 63 62
T 62 61
T 61 31
T 31 60
T 60 20
T 20 8
T 8 59
T 59 58
T 58 13
T 13 40
T 40 28
T 28 17
T 17 25
T 25 57
T 57 14
T 14 41
T 41 29
T 29 34
T 34 56
T 56 22
T 22 55
T 55 54
T 54 11
T 11 53
T 53 37
T 37 52
T 52 39
T 39 51
T 51 27
T 27 50
T 50 49
T 49 16
T 16 3
T 3 9
T 9 48
T 48 47
T 47 35
T 35 46
T 46 23
T 23 45
T 45 12
T 12 44
T 44 21
T 21 71
T 71 10
T 10 43
T 43 42
T 42 36
T 36 24
T 24 30
T 30 72
T 72 19
T 19 7
T 7 70
T 70 33
T 33 18
T 18 5
T 5 0
T 0 1
T 84 83
T 83 82
T 82 81
T 81 73
T 73 80
T 80 79
T 79 75
T 75 78
T 78 77
T 77 74
T 74 76
T 76 144
T 144 143
T 143 95
T 95 142
T 142 141
T 141 140
T 140 139
T 139 138
T 138 137
T 137 96
T 96 136
T 136 97
T 97 135
T 135 98
T 98 128
T 128 131
T 131 130
T 130 109
T 109 129
T 129 88
T 88 87
T 87 85
T 85 86
T 86 90
T 90 93
T 93 92
T 92 91
T 91 89
T 89 94
T 169 164
T 164 163
T 163 168
T 168 167
T 167 166
T 166 165
T 165 154
T 154 162
T 162 161
T 161 155
T 155 160
T 160 159
T 159 158
T 158 153
T 153 157
T 157 156
T 156 151
T 151 150
T 150 149
T 149 148
T 148 152
T 152 146
T 146 147
T 147 145
T 145 115
T 115 110
T 110 114
T 114 113
T 113 112
T 112 119
T 127 126
T 126 125
T 125 124
T 124 123
T 123 122
T 122 121
T 121 120
857.9451012466666 1869.930029246112 847.613764702144 1853.958610766048
847.613764702144 1853.958610766048 835.384333743556 1824.931020161765
835.384333743556 1824.931020161765 830.2583480617965 1809.6482934350533
830.2583480617965 1809.6482934350533 799.9430915227399 1745.3100648846662
799.9430915227399 1745.3100648846662 792.5462194775876 1731.506905417379
792.5462194775876 1731.506905417379 781.6104815561306 1704.0285444279607
781.6104815561306 1704.0285444279607 769.5993335523153 1677.8878259991955
769.5993335523153 1677.8878259991955 763.5799434185241 1666.660414531835
763.5799434185241 1666.660414531835 731.5926900686645 1599.3602409573518
731.5926900686645 1599.3602409573518 716.0124695333416 1573.2309664535721
716.0124695333416 1573.2309664535721 707.9816313869524 1563.160694439162
707.9816313869524 1563.160694439162 699.0438120054599 1550.049225958335
699.0438120054599 1550.049225958335 658.9181233693846 1507.115997910506
658.9181233693846 1507.115997910506 635.7224230877968 1484.9882880673033
635.7224230877968 1484.9882880673033 620.3303713869299 1468.0786639729245
620.3303713869299 1468.0786639729245 610.2268260490438 1455.2573988526394
610.2268260490438 1455.2573988526394 593.6671551296563 1434.7093239541884
593.6671551296563 1434.7093239541884 580.0918243346442 1415.323117545565
580.0918243346442 1415.323117545565 565.0222644887199 1396.154192911803
565.0222644887199 1396.154192911803 545.1760991207022 1367.9950843423187
545.1760991207022 1367.9950843423187 513.857546220873 1329.56313542996
513.857546220873 1329.56313542996 492.5112344998838 1308.6431236320784
492.5112344998838 1308.6431236320784 472.7283574690731 1290.802678924368
472.7283574690731 1290.802678924368 462.82583247589815 1282.8869051772483
462.82583247589815 1282.8869051772483 436.68209010632734 1257.745694160658
436.68209010632734 1257.745694160658 431.03419690826337 1251.7738938333846
431.03419690826337 1251.7738938333846 417.1205087990388 1234.0521427798726
417.1205087990388 1234.0521427798726 394.03723343068594 1194.6763268379245
394.03723343068594 1194.6763268379245 382.527508907827 1171.6239551100987
382.527508907827 1171.6239551100987 375.3830391994425 1158.1972944516465
375.3830391994425 1158.1972944516465 370.3134083219509 1150.2723565786016
370.3134083219509 1150.2723565786016 358.77321988453383 1127.533583297229
358.77321988453383 1127.533583297229 354.7539660391847 1113.2850013908258
354.7539660391847 1113.2850013908258 352.35152970130486 1100.7974599240952
352.35152970130486 1100.7974599240952 350.08271409711415 1075.0991930188316
350.08271409711415 1075.0991930188316 345.58225706749164 1061.2536562378696
345.58225706749164 1061.2536562378696 341.8852436547342 1053.9613953352866
341.8852436547342 1053.9613953352866 329.2028058250088 1034.2099633155538
329.2028058250088 1034.2099633155538 298.5600882082091 992.2176082507128
298.5600882082091 992.2176082507128 294.9222735019592 986.1092557740178
294.9222735019592 986.1092557740178 266.4265008628697 928.9708859805064
266.4265008628697 928.9708859805064 250.58778055847355 899.4253874308396
250.58778055847355 899.4253874308396 241.6295207560107 884.5795452402857
241.6295207560107 884.5795452402857 230.17986423299428 870.473151525533
230.17986423299428 870.473151525533 201.7131865542309 840.582123840737
201.7131865542309 840.582123840737 182.879814378275 823.4780205259352
182.879814378275 823.4780205259352 168.99136098102142 807.6051648724672
168.99136098102142 807.6051648724672 159.2206624598619 798.2200532491411
159.2206624598619 798.2200532491411 142.30552193176294 777.085811860392
142.30552193176294 777.085811860392 129.09873267967228 755.152693307119
129.09873267967228 755.152693307119 123.67295522988661 744.2121352073528
123.67295522988661 744.2121352073528 118.48136297535467 732.794486550149
118.48136297535467 732.794486550149 109.57469641374814 707.3518314445622
109.57469641374814 707.3518314445622 106.61191890499366 695.3082573790196
106.61191890499366 695.3082573790196 102.66597243800508 672.5551497395343
102.66597243800508 672.5551497395343 102.97675869625907 655.406167263652
102.97675869625907 655.406167263652 104.38607214286547 644.8787863014333
104.38607214286547 644.8787863014333 108.28322185043416 624.5912269410001
108.28322185043416 624.5912269410001 118.12614954459659 590.7781703576416
118.12614954459659 590.7781703576416 122.60667516025083 569.0574650387213
122.60667516025083 569.0574650387213 127.97136264269915 534.4507755537039
127.97136264269915 534.4507755537039 129.3676595592699 520.1601430777114
129.3676595592699 520.1601430777114 129.82497644188456 480.6725840250441
129.82497644188456 480.6725840250441 128.89460162360842 467.1693355370123
128.89460162360842 467.1693355370123 123.76660106130748 422.33500729371366
123.76660106130748 422.33500729371366 119.38276644612094 398.73293665673486
119.38276644612094 398.73293665673486 109.89474867350576 367.94044004113846
109.89474867350576 367.94044004113846 98.82319210895997 345.9426911305242
98.82319210895997 345.9426911305242 84.68507467229676 323.72660596689485
84.68507467229676 323.72660596689485 69.16856788387892 301.82734975708837
69.16856788387892 301.82734975708837 54.170269477062085 278.2134244984838
54.170269477062085 278.2134244984838 41.81215779823214 254.72474930139452
41.81215779823214 254.72474930139452 28.78695353258122 222.39554686620298
28.78695353258122 222.39554686620298 26.946031202427335 210.46254155135074
26.946031202427335 210.46254155135074 25.27090052678272 189.86568837541788
25.27090052678272 189.86568837541788 24.59249508480368 164.83881993723276
24.59249508480368 164.83881993723276 22.549629168950304 110.44227151133052
22.549629168950304 110.44227151133052 18.447678253398795 61.83816137758248
18.447678253398795 61.83816137758248 14.633492911128235 39.218770829679606
14.633492911128235 39.218770829679606 9.281389450751517 20.217870802833552
9.281389450751517 20.217870802833552 4.896791521618481 -1.0106595835420342
4.896791521618481 -1.0106595835420342 4.896791521618481 -1.0106595835420344
4.896791521618481 -1.0106595835420344 4.137282783415577 -2.8076486906400975
4.137282783415577 -2.8076486906400975 2.747910245999476 -4.1771987359869645
2.747910245999476 -4.1771987359869645 0.940193283498365 -4.910808140180652
0.940193283498365 -4.910808140180652 -1.010659583542034 -4.896791521618481
-1.010659583542034 -4.896791521618481 -2.8076486906400975 -4.137282783415577
-2.8076486906400975 -4.137282783415577 -4.1771987359869645 -2.747910245999476
-4.1771987359869645 -2.747910245999476 -4.910808140180652 -0.9401932834983652
-4.910808140180652 -0.9401932834983652 -4.896791521618481 1.0106595835420338
-4.896791521618481 1.0106595835420338 -0.44666780587685473 22.587630427227502
-0.44666780587685473 22.587630427227502 4.848202471261937 41.41484777098692
4.848202471261937 41.41484777098692 8.509552861685346 63.09417361172683
8.509552861685346 63.09417361172683 12.562732759032116 111.0513104430593
12.562732759032116 111.0513104430593 14.597432610049715 165.16173024716613
14.597432610049715 165.16173024716613 15.278215810889154 190.40643883940132
15.278215810889154 190.40643883940132 17.001056858473234 211.61961012610874
17.001056858473234 211.61961012610874 19.011169349330476 225.07126251459655
19.011169349330476 225.07126251459655 32.716683289362486 258.9412654742393
32.716683289362486 258.9412654742393 45.50357868208348 283.23547536666666
45.50357868208348 283.23547536666666 60.8605262263641 307.4044352050293
60.8605262263641 307.4044352050293 76.37887423233303 329.30615699642993
76.37887423233303 329.30615699642993 90.10417844860154 350.89104983773296
90.10417844860154 350.89104983773296 100.5531584925841 371.6988021571798
100.5531584925841 371.6988021571798 109.64076718126992 401.13265029836543
109.64076718126992 401.13265029836543 113.86515140035317 423.82024959604684
113.86515140035317 423.82024959604684 118.931095580024 468.0810925174695
118.931095580024 468.0810925174695 119.81297776339002 480.9579785150996
119.81297776339002 480.9579785150996 119.36416613936285 519.6153461259205
119.36416613936285 519.6153461259205 118.0420776081856 533.1980632867211
118.0420776081856 533.1980632867211 112.75975645180492 567.2792711299911
112.75975645180492 567.2792711299911 108.40553146310904 588.3640670374066
108.40553146310904 588.3640670374066 98.54017341716045 622.2434310074641
98.54017341716045 622.2434310074641 94.50870401051272 643.2681577147849
94.50870401051272 643.2681577147849 92.97310201858257 654.6412657550324
92.97310201858257 654.6412657550324 92.60429242316884 673.3294471037382
92.60429242316884 673.3294471037382 96.81349663092944 697.3637477863488
96.81349663092944 697.3637477863488 99.96708275978995 710.2070930404358
99.96708275978995 710.2070930404358 109.18297830301952 736.5292301164004
109.18297830301952 736.5292301164004 114.63839350081162 748.5052856202445
114.63839350081162 748.5052856202445 120.31268939742843 759.962954906655
120.31268939742843 759.962954906655 134.063228551966 782.8262911294604
134.063228551966 782.8262911294604 151.80752571379725 804.9952893582081
151.80752571379725 804.9952893582081 161.74514265171777 814.5242364201847
161.74514265171777 814.5242364201847 175.72017932235224 830.5066375029952
175.72017932235224 830.5066375029952 194.7177425389251 847.7464828430238
194.7177425389251 847.7464828430238 222.65770759190653 877.0863231438639
222.65770759190653 877.0863231438639 233.40826846677365 890.3555406784686
233.40826846677365 890.3555406784686 241.89304162332124 904.3785249033045
241.89304162332124 904.3785249033045 257.5424049534506 933.5661559481127
257.5424049534506 933.5661559481127 286.13297880141016 990.9076150263879
286.13297880141016 990.9076150263879 290.1972938191301 997.7404605969434
290.1972938191301 997.7404605969434 320.94511146660636 1039.8658928336429
320.94511146660636 1039.8658928336429 333.18135665122537 1058.9380549519362
333.18135665122537 1058.9380549519362 336.2803492567638 1065.0847304877648
336.2803492567638 1065.0847304877648 340.1616339036209 1077.1215897938532
340.1616339036209 1077.1215897938532 342.42348989875126 1102.1926383064456
342.42348989875126 1102.1926383064456 345.00479266452766 1115.5874929267654
345.00479266452766 1115.5874929267654 349.3672826661054 1131.2032142106234
349.3672826661054 1131.2032142106234 361.6131296034266 1155.2518492513466
361.6131296034266 1155.2518492513466 366.737516393724 1163.2545397427157
366.737516393724 1163.2545397427157 373.6381401574552 1176.208013562475
373.6381401574552 1176.208013562475 385.2348659478328 1199.4453117693092
385.2348659478328 1199.4453117693092 408.81758242129536 1239.7076376568816
408.81758242129536 1239.7076376568816 423.4471864116808 1258.3207888079428
423.4471864116808 1258.3207888079428 429.579067994002 1264.792448140484
429.579067994002 1264.792448140484 456.2178026698629 1290.4205525342993
456.2178026698629 1290.4205525342993 466.25030095841123 1298.4324071478684
466.25030095841123 1298.4324071478684 485.6578841946116 1315.9313878847609
485.6578841946116 1315.9313878847609 506.4470054238434 1336.3236621583585
506.4470054238434 1336.3236621583585 537.1989758358638 1374.0456863597453
537.1989758358638 1374.0456863597453 556.9964220605525 1402.1310154587336
556.9964220605525 1402.1310154587336 572.0560222416478 1421.2879465718368
572.0560222416478 1421.2879465718368 585.6649072595796 1440.7253343086902
585.6649072595796 1440.7253343086902 602.4059152895296 1461.4895454779933
602.4059152895296 1461.4895454779933 612.690548660141 1474.5506764522092
612.690548660141 1474.5506764522092 628.5603826679377 1491.9850010201114
628.5603826679377 1491.9850010201114 651.804466261249 1514.1560075692769
651.804466261249 1514.1560075692769 691.1928215379309 1556.3360435941343
691.1928215379309 1556.3360435941343 699.924802123176 1569.106971204083
699.924802123176 1569.106971204083 707.7514806157214 1578.9462346461216
707.7514806157214 1578.9462346461216 722.7536238805442 1604.0840139439083
722.7536238805442 1604.0840139439083 754.649574155898 1671.1732046976606
754.649574155898 1671.1732046976606 760.636608320151 1682.3440206164767
760.636608320151 1682.3440206164767 772.4117787693646 1707.9680943767135
772.4117787693646 1707.9680943767135 783.4500756513614 1735.7386942771711
783.4500756513614 1735.7386942771711 791.0046127263217 1749.8088844504023
791.0046127263217 1749.8088844504023 820.9480984834021 1813.3894212027626
820.9480984834021 1813.3894212027626 826.0162661342597 1828.4687360500225
826.0162661342597 1828.4687360500225 838.7058829895343 1858.6720134276502
838.7058829895343 1858.6720134276502 849.6690126108374 1875.5513284550107
849.6690126108374 1875.5513284550107 852.5331942424178 1879.5778957642704
852.5331942424178 1879.5778957642704 845.7919841389962 1884.518273240968
845.7919841389962 1884.518273240968 837.8739501153867 1891.530442050858
837.8739501153867 1891.530442050858 828.0021901110636 1901.8520426014845
828.0021901110636 1901.8520426014845 812.8950273741902 1922.0739146726908
812.8950273741902 1922.0739146726908 785.1413604781883 1952.9073776932546
785.1413604781883 1952.9073776932546 756.8072876181066 1974.6559660452358
756.8072876181066 1974.6559660452358 736.139238424839 1987.8374776591343
736.139238424839 1987.8374776591343 677.159447594861 2017.3860972038337
677.159447594861 2017.3860972038337 645.254190162185 2034.9685661873968
645.254190162185 2034.9685661873968 601.3452957365974 2065.1165015678753
601.3452957365974 2065.1165015678753 579.29652948755 2083.8507041956627
579.29652948755 2083.8507041956627 558.2020430730857 2099.6307840413833
558.2020430730857 2099.6307840413833 511.93882146397857 2131.61221600809
511.93882146397857 2131.61221600809 434.8440770184876 2179.549861026604
434.8440770184876 2179.549861026604 353.3924070185053 2227.58889877419
353.3924070185053 2227.58889877419 271.6242196180506 2279.0980630817103
271.6242196180506 2279.0980630817103 223.84245564568192 2306.9620171867105
223.84245564568192 2306.9620171867105 148.3274715691075 2353.7277937323847
148.3274715691075 2353.7277937323847 144.4791031485326 2355.8916014340925
144.4791031485326 2355.8916014340925 142.99745978343373 2357.160757182255
142.99745978343373 2357.160757182255 142.1142846818505 2358.9003045700483
142.1142846818505 2358.9003045700483 141.9640332469967 2360.8454132767174
141.9640332469967 2360.8454132767174 142.5695798977962 2362.6999581341265
142.5695798977962 2362.6999581341265 143.8387356459588 2364.181601499225
143.8387356459588 2364.181601499225 145.57828303375226 2365.0647766008083
145.57828303375226 2365.0647766008083 147.5233917404214 2365.2150280356623
147.5233917404214 2365.2150280356623 149.37793659783011 2364.6094813848626
149.37793659783011 2364.6094813848626 153.41289172747952 2362.3434174529216
153.41289172747952 2362.3434174529216 228.99511617921888 2315.534377354404
228.99511617921888 2315.534377354404 276.8102574881518 2287.6516321820927
276.8102574881518 2287.6516321820927 358.59916737088906 2236.12895050277
358.59916737088906 2236.12895050277 440.0253793071701 2188.1044796764363
440.0253793071701 2188.1044796764363 517.4271169690018 2139.9786161173056
517.4271169690018 2139.9786161173056 564.0431784649178 2107.7517962351953
564.0431784649178 2107.7517962351953 585.5372831366661 2091.6766193558133
585.5372831366661 2091.6766193558133 607.4363458547429 2073.0804429967056
607.4363458547429 2073.0804429967056 650.5170510081692 2043.4997720078377
650.5170510081692 2043.4997720078377 681.8152432345427 2026.2405539491347
681.8152432345427 2026.2405539491347 741.087223222705 1996.5583055081981
741.087223222705 1996.5583055081981 762.5549114043281 1982.8619442564495
762.5549114043281 1982.8619442564495 791.987617046394 1960.3118162235132
791.987617046394 1960.3118162235132 820.6415569597921 1928.430242553842
820.6415569597921 1928.430242553842 835.6637773780635 1908.3353053284402
835.6637773780635 1908.3353053284402 844.8211082448435 1898.7473704263432
844.8211082448435 1898.7473704263432 852.0810433174624 1892.3206027978217
852.0810433174624 1892.3206027978217 862.1797353633249 1884.9296537538517
862.1797353633249 1884.9296537538517 869.75862931414 1880.7024302633067
869.75862931414 1880.7024302633067 896.3018155453321 1868.8163827845472
896.3018155453321 1868.8163827845472 948.1875467770479 1856.9039530840732
948.1875467770479 1856.9039530840732 989.9662186011925 1842.3499045237195
989.9662186011925 1842.3499045237195 1008.1814915045276 1835.4432234442984
1008.1814915045276 1835.4432234442984 1020.5198259394655 1829.6772765523644
1020.5198259394655 1829.6772765523644 1039.980338327611 1861.1011028672735
1039.980338327611 1861.1011028672735 1048.4027266991413 1874.56835878759
1048.4027266991413 1874.56835878759 1057.9281279948625 1884.361497290575
1057.9281279948625 1884.361497290575 1069.1990974099795 1892.77320130063
1069.1990974099795 1892.77320130063 1083.514660335285 1899.772988013945
1083.514660335285 1899.772988013945 1122.0577168102147 1913.082152534488
1122.0577168102147 1913.082152534488 1168.6551651236853 1927.496831164748
1168.6551651236853 1927.496831164748 1195.9702342663466 1937.8286209859348
1195.9702342663466 1937.8286209859348 1244.4476720131545 1960.5181063884445
1244.4476720131545 1960.5181063884445 1277.501654537588 1981.2743338211303
1277.501654537588 1981.2743338211303 1287.9635485737244 1987.8640660849235
1287.9635485737244 1987.8640660849235 1330.2903685893846 2019.519868169823
1330.2903685893846 2019.519868169823 1347.0625267912562 2033.4637293950195
1347.0625267912562 2033.4637293950195 1403.7017037277453 2075.4449979240394
1403.7017037277453 2075.4449979240394 1442.8159555221355 2101.001863948305
1442.8159555221355 2101.001863948305 1485.6138794789515 2125.075711449942
1485.6138794789515 2125.075711449942 1619.4021874238972 2186.6015538544193
1619.4021874238972 2186.6015538544193 1649.2920038884633 2201.277901809142
1649.2920038884633 2201.277901809142 1825.5773223742815 2283.6697555604183
1825.5773223742815 2283.6697555604183 1900.3797450702896 2318.976538715912
1900.3797450702896 2318.976538715912 1928.947709399151 2333.423283510657
1928.947709399151 2333.423283510657 2093.0248807855446 2408.7610084866037
2093.0248807855446 2408.7610084866037 2145.3328035540817 2440.14295387094
2145.3328035540817 2440.14295387094 2216.302507346792 2488.8052742928535
2216.302507346792 2488.8052742928535 2392.543542166849 2614.9731317669934
2392.543542166849 2614.9731317669934 2462.7638454469093 2663.745115079687
2462.7638454469093 2663.745115079687 2557.7917256449114 2732.4264501609146
2557.7917256449114 2732.4264501609146 2677.396409968907 2816.2864714088
2677.396409968907 2816.2864714088 2703.305743238358 2835.263796782446
2703.305743238358 2835.263796782446 2719.6360841714113 2845.7276028303663
2719.6360841714113 2845.7276028303663 2818.7884124125385 2917.01576090305
2818.7884124125385 2917.01576090305 2890.89896545704 2973.384865488576
2890.89896545704 2973.384865488576 2909.3466377834434 2989.0493719341234
2909.3466377834434 2989.0493719341234 2972.215714968503 3039.0730629180403
2972.215714968503 3039.0730629180403 3028.840763869616 3087.093732522141
3028.840763869616 3087.093732522141 3092.3469778066606 3138.3285182287013
3092.3469778066606 3138.3285182287013 3125.3956645570684 3167.569227424934
3125.3956645570684 3167.569227424934 3147.2484271075054 3188.1103753239563
3147.2484271075054 3188.1103753239563 3186.1252742738247 3227.478713364923
3186.1252742738247 3227.478713364923 3198.5428011658164 3242.161063217603
3198.5428011658164 3242.161063217603 3200.068779594099 3243.376552094908
3200.068779594099 3243.376552094908 3201.943747286611 3243.9155507279957
3201.943747286611 3243.9155507279957 3203.8822574087935 3243.696001461012
3203.8822574087935 3243.696001461012 3205.589189367181 3242.751328679637
3205.589189367181 3242.751328679637 3206.8046782444862 3241.2253502513545
3206.8046782444862 3241.2253502513545 3207.3436768775737 3239.3503825588423
3207.3436768775737 3239.3503825588423 3207.12412761059 3237.41187243666
3207.12412761059 3237.41187243666 3206.179454829215 3235.7049404782724
3206.179454829215 3235.7049404782724 3193.5176431454934 3220.7220825053514
3193.5176431454934 3220.7220825053514 3154.234008566901 3180.9500171079585
3154.234008566901 3180.9500171079585 3132.135698573013 3160.178878931776
3132.135698573013 3160.178878931776 3098.8047257871262 3130.686458537259
3098.8047257871262 3130.686458537259 3035.215592481741 3079.387136644412
3035.215592481741 3079.387136644412 2978.5651283094244 3031.3442976745932
2978.5651283094244 3031.3442976745932 2915.6986039365997 2981.3225729888304
2915.6986039365997 2981.3225729888304 2897.218566575036 2965.6295610929856
2897.218566575036 2965.6295610929856 2824.79017620403 2909.0120519578563
2824.79017620403 2909.0120519578563 2725.2585892682628 2837.4492931382497
2725.2585892682628 2837.4492931382497 2708.9658563151675 2827.008086958575
2708.9658563151675 2827.008086958575 2683.2220208281037 2808.1572949578904
2683.2220208281037 2808.1572949578904 2563.591480744933 2724.2794799901308
2563.591480744933 2724.2794799901308 2468.545754372218 2655.5850204259596
2468.545754372218 2655.5850204259596 2398.3067564702096 2606.8002800061518
2398.3067564702096 2606.8002800061518 2222.0415144331587 2480.6147755756706
2222.0415144331587 2480.6147755756706 2150.740557578678 2431.7203722576323
2150.740557578678 2431.7203722576323 2097.7049477402556 2399.8895425717483
2097.7049477402556 2399.8895425717483 1933.2925663545109 2324.412536463885
1933.2925663545109 2324.412536463885 1904.7714713705445 2309.9904548469653
1904.7714713705445 2309.9904548469653 1829.8286097411094 2274.6183871356047
1829.8286097411094 2274.6183871356047 1653.6134524184151 2192.258834984674
1653.6134524184151 2192.258834984674 1623.6961688635636 2177.5686181402966
1623.6961688635636 2177.5686181402966 1490.1654965729028 2116.1530791052073
1490.1654965729028 2116.1530791052073 1448.0105715592945 2092.444041509877
1448.0105715592945 2092.444041509877 1409.4213757114142 2067.231592120012
1409.4213757114142 2067.231592120012 1353.243457819901 2025.5928117386525
1353.243457819901 2025.5928117386525 1336.4876796027663 2011.6633233196053
1336.4876796027663 2011.6633233196053 1293.6354911401277 1979.608611946849
1293.6354911401277 1979.608611946849 1282.8269227464032 1972.8102015770382
1282.8269227464032 1972.8102015770382 1282.8249826330793 1972.809459272101
1282.8249826330793 1972.809459272101 1282.8234731063549 1972.8080322523406
1282.8234731063549 1972.8080322523406 1249.2539904076064 1951.705610753452
1249.2539904076064 1951.705610753452 1199.8664387056099 1928.603164605012
1199.8664387056099 1928.603164605012 1176.770180681498 1919.8693374335476
1176.770180681498 1919.8693374335476 1190.403429740467 1903.494238278855
1190.403429740467 1903.494238278855 1201.1001017029291 1892.7478851376432
1201.1001017029291 1892.7478851376432 1209.2336241742896 1882.5116104938347
1209.2336241742896 1882.5116104938347 1215.144936042868 1871.9849722710549
1215.144936042868 1871.9849722710549 1219.400463588335 1857.8695061711671
1219.400463588335 1857.8695061711671 1230.3075795097109 1811.9274412600198
1230.3075795097109 1811.9274412600198 1230.379347155812 1809.977858540716
1230.379347155812 1809.977858540716 1229.6995788084384 1808.1492146802705
1229.6995788084384 1808.1492146802705 1228.3717630363624 1806.7199041297386
1228.3717630363624 1806.7199041297386 1226.5980477542025 1805.907526463706
1226.5980477542025 1805.907526463706 1224.6484650348987 1805.835758817605
1224.6484650348987 1805.835758817605 1222.8198211744532 1806.5155271649785
1222.8198211744532 1806.5155271649785 1221.3905106239213 1807.8433429370546
1221.3905106239213 1807.8433429370546 1220.5781329578888 1809.6170582192144
1220.5781329578888 1809.6170582192144 1209.737474945109 1855.2588564062414
1209.737474945109 1855.2588564062414 1205.8375890315208 1868.021263175726
1205.8375890315208 1868.021263175726 1200.8750177859029 1876.9064220219593
1200.8750177859029 1876.9064220219593 1193.6038754446538 1886.081944447164
1193.6038754446538 1886.081944447164 1183.0058693542287 1896.7383419172575
1183.0058693542287 1896.7383419172575 1167.873251521936 1914.7016759559856
1167.873251521936 1914.7016759559856 1167.197979143616 1916.5739074296646
1167.197979143616 1916.5739074296646 1125.169422629219 1903.5757944171994
1125.169422629219 1903.5757944171994 1087.3689863950485 1890.5048244632562
1087.3689863950485 1890.5048244632562 1074.4546355482703 1884.1652224149018
1074.4546355482703 1884.1652224149018 1064.5669272988018 1876.7986195793812
1064.5669272988018 1876.7986195793812 1056.3543843291611 1868.3247592996124
1056.3543843291611 1868.3247592996124 1048.466023373859 1855.8100714449604
1048.466023373859 1855.8100714449604 1029.1938982105232 1824.6905213302434
1029.1938982105232 1824.6905213302434 1038.1250192557582 1818.5672147896612
1038.1250192557582 1818.5672147896612 1057.5357612774378 1802.802736511754
1057.5357612774378 1802.802736511754 1112.2244246289645 1755.117329488018
1112.2244246289645 1755.117329488018 1152.7619875253079 1722.120255364195
1152.7619875253079 1722.120255364195 1197.9555156836755 1687.6144682393606
1197.9555156836755 1687.6144682393606 1265.9972749074998 1638.44541612295
1265.9972749074998 1638.44541612295 1308.358722108101 1610.722660606732
1308.358722108101 1610.722660606732 1341.371057288719 1591.9734369203877
1341.371057288719 1591.9734369203877 1403.063376085236 1562.4339946103755
1403.063376085236 1562.4339946103755 1502.2022525050857 1520.6631032674613
1502.2022525050857 1520.6631032674613 1546.8837973469788 1498.6252610940362
1546.8837973469788 1498.6252610940362 1576.6386624807208 1481.469482830423
1576.6386624807208 1481.469482830423 1612.0252595087202 1454.6367544066625
1612.0252595087202 1454.6367544066625 1640.3882025482656 1423.831203257642
1640.3882025482656 1423.831203257642 1655.2921018474292 1405.702873247236
1655.2921018474292 1405.702873247236 1656.2133903672823 1403.9832073385135
1656.2133903672823 1403.9832073385135 1656.4064623218408 1402.0418813497113
1656.4064623218408 1402.0418813497113 1655.841924256225 1400.1744445644608
1655.841924256225 1400.1744445644608 1654.6057219733746 1398.66519730496
1654.6057219733746 1398.66519730496 1652.886056064652 1397.743908785107
1652.886056064652 1397.743908785107 1650.9447300758497 1397.5508368305484
1650.9447300758497 1397.5508368305484 1649.0772932905993 1398.1153748961642
1649.0772932905993 1398.1153748961642 1647.5680460310984 1399.3515771790146
1647.5680460310984 1399.3515771790146 1632.8402393164522 1417.2595063392303
1632.8402393164522 1417.2595063392303 1605.2473196094236 1447.1780383307023
1605.2473196094236 1447.1780383307023 1571.0855998578766 1473.10557886709
1571.0855998578766 1473.10557886709 1542.1662066393612 1489.796010878322
1542.1662066393612 1489.796010878322 1498.043563441635 1511.5591467098293
1498.043563441635 1511.5591467098293 1398.9592179741157 1553.3087566117283
1398.9592179741157 1553.3087566117283 1336.7339946287707 1583.0997299566436
1336.7339946287707 1583.0997299566436 1303.143574567827 1602.1786236334542
1303.143574567827 1602.1786236334542 1260.3260814913472 1630.2025673945477
1260.3260814913472 1630.2025673945477 1191.9911392014005 1679.585715789235
1191.9911392014005 1679.585715789235 1146.5690678066674 1714.265564368948
1146.5690678066674 1714.265564368948 1105.7792313686061 1747.4676956399592
1105.7792313686061 1747.4676956399592 1051.0951532816844 1795.1489634529482
1051.0951532816844 1795.1489634529482 1032.1303307272374 1810.5429081592238
1032.1303307272374 1810.5429081592238 1019.9410418100197 1818.9095182898911
1019.9410418100197 1818.9095182898911 1004.2840136931167 1826.2189899780597
1004.2840136931167 1826.2189899780597 986.5477297858082 1832.9503406942595
986.5477297858082 1832.9503406942595 945.413619834955 1847.2651185381196
945.413619834955 1847.2651185381196 893.0921708912063 1859.244131382404
893.0921708912063 1859.244131382404 865.266455975357 1871.7472648395637
865.266455975357 1871.7472648395637 860.9460654678818 1874.1510066205192
860.9460654678818 1874.1510066205192 857.9451012466666 1869.930029246112
857.9451012466666 1869.930029246112
847.613764702144 1853.958610766048
835.384333743556 1824.931020161765
830.2583480617965 1809.6482934350533
799.9430915227399 1745.3100648846662
792.5462194775876 1731.506905417379
781.6104815561306 1704.0285444279607
769.5993335523153 1677.8878259991955
763.5799434185241 1666.660414531835
731.5926900686645 1599.3602409573518
716.0124695333416 1573.2309664535721
707.9816313869524 1563.160694439162
699.0438120054599 1550.049225958335
658.9181233693846 1507.115997910506
635.7224230877968 1484.9882880673033
620.3303713869299 1468.0786639729245
610.2268260490438 1455.2573988526394
593.6671551296563 1434.7093239541884
580.0918243346442 1415.323117545565
565.0222644887199 1396.154192911803
545.1760991207022 1367.9950843423187
513.857546220873 1329.56313542996
492.5112344998838 1308.6431236320784
472.7283574690731 1290.802678924368
462.82583247589815 1282.8869051772483
436.68209010632734 1257.745694160658
431.03419690826337 1251.7738938333846
417.1205087990388 1234.0521427798726
394.03723343068594 1194.6763268379245
382.527508907827 1171.6239551100987
375.3830391994425 1158.1972944516465
370.3134083219509 1150.2723565786016
358.77321988453383 1127.533583297229
354.7539660391847 1113.2850013908258
352.35152970130486 1100.7974599240952
350.08271409711415 1075.0991930188316
345.58225706749164 1061.2536562378696
341.8852436547342 1053.9613953352866
329.2028058250088 1034.2099633155538
298.5600882082091 992.2176082507128
294.9222735019592 986.1092557740178
266.4265008628697 928.9708859805064
250.58778055847355 899.4253874308396
241.6295207560107 884.5795452402857
230.17986423299428 870.473151525533
201.7131865542309 840.582123840737
182.879814378275 823.4780205259352
168.99136098102142 807.6051648724672
159.2206624598619 798.2200532491411
142.30552193176294 777.085811860392
129.09873267967228 755.152693307119
123.67295522988661 744.2121352073528
118.48136297535467 732.794486550149
109.57469641374814 707.3518314445622
106.61191890499366 695.3082573790196
102.66597243800508 672.5551497395343
102.97675869625907 655.406167263652
104.38607214286547 644.8787863014333
108.28322185043416 624.5912269410001
118.12614954459659 590.7781703576416
122.60667516025083 569.0574650387213
127.97136264269915 534.4507755537039
129.3676595592699 520.1601430777114
129.82497644188456 480.6725840250441
128.89460162360842 467.1693355370123
123.76660106130748 422.33500729371366
119.38276644612094 398.73293665673486
109.89474867350576 367.94044004113846
98.82319210895997 345.9426911305242
84.68507467229676 323.72660596689485
69.16856788387892 301.82734975708837
54.170269477062085 278.2134244984838
41.81215779823214 254.72474930139452
28.78695353258122 222.39554686620298
26.946031202427335 210.46254155135074
25.27090052678272 189.86568837541788
24.59249508480368 164.83881993723276
22.549629168950304 110.44227151133052
18.447678253398795 61.83816137758248
14.633492911128235 39.218770829679606
9.281389450751517 20.217870802833552
4.896791521618481 -1.0106595835420342
4.896791521618481 -1.0106595835420344
4.137282783415577 -2.8076486906400975
2.747910245999476 -4.1771987359869645
0.940193283498365 -4.910808140180652
-1.010659583542034 -4.896791521618481
-2.8076486906400975 -4.137282783415577
-4.1771987359869645 -2.747910245999476
-4.910808140180652 -0.9401932834983652
-4.896791521618481 1.0106595835420338
-0.44666780587685473 22.587630427227502
4.848202471261937 41.41484777098692
8.509552861685346 63.09417361172683
12.562732759032116 111.0513104430593
14.597432610049715 165.16173024716613
15.278215810889154 190.40643883940132
17.001056858473234 211.61961012610874
19.011169349330476 225.07126251459655
32.716683289362486 258.9412654742393
45.50357868208348 283.23547536666666
60.8605262263641 307.4044352050293
76.37887423233303 329.30615699642993
90.10417844860154 350.89104983773296
100.5531584925841 371.6988021571798
109.64076718126992 401.13265029836543
113.86515140035317 423.82024959604684
118.931095580024 468.0810925174695
119.81297776339002 480.9579785150996
119.36416613936285 519.6153461259205
118.0420776081856 533.1980632867211
112.75975645180492 567.2792711299911
108.40553146310904 588.3640670374066
98.54017341716045 622.2434310074641
94.50870401051272 643.2681577147849
92.97310201858257 654.6412657550324
92.60429242316884 673.3294471037382
96.81349663092944 697.3637477863488
99.96708275978995 710.2070930404358
109.18297830301952 736.5292301164004
114.63839350081162 748.5052856202445
120.31268939742843 759.962954906655
134.063228551966 782.8262911294604
151.80752571379725 804.9952893582081
161.74514265171777 814.5242364201847
175.72017932235224 830.5066375029952
194.7177425389251 847.7464828430238
222.65770759190653 877.0863231438639
233.40826846677365 890.3555406784686
241.89304162332124 904.3785249033045
257.5424049534506 933.5661559481127
286.13297880141016 990.9076150263879
290.1972938191301 997.7404605969434
320.94511146660636 1039.8658928336429
333.18135665122537 1058.9380549519362
336.2803492567638 1065.0847304877648
340.1616339036209 1077.1215897938532
342.42348989875126 1102.1926383064456
345.00479266452766 1115.5874929267654
349.3672826661054 1131.2032142106234
361.6131296034266 1155.2518492513466
366.737516393724 1163.2545397427157
373.6381401574552 1176.208013562475
385.2348659478328 1199.4453117693092
408.81758242129536 1239.7076376568816
423.4471864116808 1258.3207888079428
429.579067994002 1264.792448140484
456.2178026698629 1290.4205525342993
466.25030095841123 1298.4324071478684
485.6578841946116 1315.9313878847609
506.4470054238434 1336.3236621583585
537.1989758358638 1374.0456863597453
556.9964220605525 1402.1310154587336
572.0560222416478 1421.2879465718368
585.6649072595796 1440.7253343086902
602.4059152895296 1461.4895454779933
612.690548660141 1474.5506764522092
628.5603826679377 1491.9850010201114
651.804466261249 1514.1560075692769
691.1928215379309 1556.3360435941343
699.924802123176 1569.106971204083
707.7514806157214 1578.9462346461216
722.7536238805442 1604.0840139439083
754.649574155898 1671.1732046976606
760.636608320151 1682.3440206164767
772.4117787693646 1707.9680943767135
783.4500756513614 1735.7386942771711
791.0046127263217 1749.8088844504023
820.9480984834021 1813.3894212027626
826.0162661342597 1828.4687360500225
838.7058829895343 1858.6720134276502
849.6690126108374 1875.5513284550107
852.5331942424178 1879.5778957642704
845.7919841389962 1884.518273240968
837.8739501153867 1891.530442050858
828.0021901110636 1901.8520426014845
812.8950273741902 1922.0739146726908
785.1413604781883 1952.9073776932546
756.8072876181066 1974.6559660452358
736.139238424839 1987.8374776591343
677.159447594861 2017.3860972038337
645.254190162185 2034.9685661873968
601.3452957365974 2065.1165015678753
579.29652948755 2083.8507041956627
558.2020430730857 2099.6307840413833
511.93882146397857 2131.61221600809
434.8440770184876 2179.549861026604
353.3924070185053 2227.58889877419
271.6242196180506 2279.0980630817103
223.84245564568192 2306.9620171867105
148.3274715691075 2353.7277937323847
144.4791031485326 2355.8916014340925
142.99745978343373 2357.160757182255
142.1142846818505 2358.9003045700483
141.9640332469967 2360.8454132767174
142.5695798977962 2362.6999581341265
143.8387356459588 2364.181601499225
145.57828303375226 2365.0647766008083
147.5233917404214 2365.2150280356623
149.37793659783011 2364.6094813848626
153.41289172747952 2362.3434174529216
228.99511617921888 2315.534377354404
276.8102574881518 2287.6516321820927
358.59916737088906 2236.12895050277
440.0253793071701 2188.1044796764363
517.4271169690018 2139.9786161173056
564.0431784649178 2107.7517962351953
585.5372831366661 2091.6766193558133
607.4363458547429 2073.0804429967056
650.5170510081692 2043.4997720078377
681.8152432345427 2026.2405539491347
741.087223222705 1996.5583055081981
762.5549114043281 1982.8619442564495
791.987617046394 1960.3118162235132
820.6415569597921 1928.430242553842
835.6637773780635 1908.3353053284402
844.8211082448435 1898.7473704263432
852.0810433174624 1892.3206027978217
862.1797353633249 1884.9296537538517
869.75862931414 1880.7024302633067
896.3018155453321 1868.8163827845472
948.1875467770479 1856.9039530840732
989.9662186011925 1842.3499045237195
1008.1814915045276 1835.4432234442984
1020.5198259394655 1829.6772765523644
1039.980338327611 1861.1011028672735
1048.4027266991413 1874.56835878759
1057.9281279948625 1884.361497290575
1069.1990974099795 1892.77320130063
1083.514660335285 1899.772988013945
1122.0577168102147 1913.082152534488
1168.6551651236853 1927.496831164748
1195.9702342663466 1937.8286209859348
1244.4476720131545 1960.5181063884445
1277.501654537588 1981.2743338211303
1287.9635485737244 1987.8640660849235
1330.2903685893846 2019.519868169823
1347.0625267912562 2033.4637293950195
1403.7017037277453 2075.4449979240394
1442.8159555221355 2101.001863948305
1485.6138794789515 2125.075711449942
1619.4021874238972 2186.6015538544193
1649.2920038884633 2201.277901809142
1825.5773223742815 2283.6697555604183
1900.3797450702896 2318.976538715912
1928.947709399151 2333.423283510657
2093.0248807855446 2408.7610084866037
2145.3328035540817 2440.14295387094
2216.302507346792 2488.8052742928535
2392.543542166849 2614.9731317669934
2462.7638454469093 2663.745115079687
2557.7917256449114 2732.4264501609146
2677.396409968907 2816.2864714088
2703.305743238358 2835.263796782446
2719.6360841714113 2845.7276028303663
2818.7884124125385 2917.01576090305
2890.89896545704 2973.384865488576
2909.3466377834434 2989.0493719341234
2972.215714968503 3039.0730629180403
3028.840763869616 3087.093732522141
3092.3469778066606 3138.3285182287013
3125.3956645570684 3167.569227424934
3147.2484271075054 3188.1103753239563
3186.1252742738247 3227.478713364923
3198.5428011658164 3242.161063217603
3200.068779594099 3243.376552094908
3201.943747286611 3243.9155507279957
3203.8822574087935 3243.696001461012
3205.589189367181 3242.751328679637
3206.8046782444862 3241.2253502513545
3207.3436768775737 3239.3503825588423
3207.12412761059 3237.41187243666
3206.179454829215 3235.7049404782724
3193.5176431454934 3220.7220825053514
3154.234008566901 3180.9500171079585
3132.135698573013 3160.178878931776
3098.8047257871262 3130.686458537259
3035.215592481741 3079.387136644412
2978.5651283094244 3031.3442976745932
2915.6986039365997 2981.3225729888304
2897.218566575036 2965.6295610929856
2824.79017620403 2909.0120519578563
2725.2585892682628 2837.4492931382497
2708.9658563151675 2827.008086958575
2683.2220208281037 2808.1572949578904
2563.591480744933 2724.2794799901308
2468.545754372218 2655.5850204259596
2398.3067564702096 2606.8002800061518
2222.0415144331587 2480.6147755756706
2150.740557578678 2431.7203722576323
2097.7049477402556 2399.8895425717483
1933.2925663545109 2324.412536463885
1904.7714713705445 2309.9904548469653
1829.8286097411094 2274.6183871356047
1653.6134524184151 2192.258834984674
1623.6961688635636 2177.5686181402966
1490.1654965729028 2116.1530791052073
1448.0105715592945 2092.444041509877
1409.4213757114142 2067.231592120012
1353.243457819901 2025.5928117386525
1336.4876796027663 2011.6633233196053
1293.6354911401277 1979.608611946849
1282.8269227464032 1972.8102015770382
1282.8249826330793 1972.809459272101
1282.8234731063549 1972.8080322523406
1249.2539904076064 1951.705610753452
1199.8664387056099 1928.603164605012
1176.770180681498 1919.8693374335476
1190.403429740467 1903.494238278855
1201.1001017029291 1892.7478851376432
1209.2336241742896 1882.5116104938347
1215.144936042868 1871.9849722710549
1219.400463588335 1857.8695061711671
1230.3075795097109 1811.9274412600198
1230.379347155812 1809.977858540716
1229.6995788084384 1808.1492146802705
1228.3717630363624 1806.7199041297386
1226.5980477542025 1805.907526463706
1224.6484650348987 1805.835758817605
1222.8198211744532 1806.5155271649785
1221.3905106239213 1807.8433429370546
1220.5781329578888 1809.6170582192144
1209.737474945109 1855.2588564062414
1205.8375890315208 1868.021263175726
1200.8750177859029 1876.9064220219593
1193.6038754446538 1886.081944447164
1183.0058693542287 1896.7383419172575
1167.873251521936 1914.7016759559856
1167.197979143616 1916.5739074296646
1125.169422629219 1903.5757944171994
1087.3689863950485 1890.5048244632562
1074.4546355482703 1884.1652224149018
1064.5669272988018 1876.7986195793812
1056.3543843291611 1868.3247592996124
1048.466023373859 1855.8100714449604
1029.1938982105232 1824.6905213302434
1038.1250192557582 1818.5672147896612
1057.5357612774378 1802.802736511754
1112.2244246289645 1755.117329488018
1152.7619875253079 1722.120255364195
1197.9555156836755 1687.6144682393606
1265.9972749074998 1638.44541612295
1308.358722108101 1610.722660606732
1341.371057288719 1591.9734369203877
1403.063376085236 1562.4339946103755
1502.2022525050857 1520.6631032674613
1546.8837973469788 1498.6252610940362
1576.6386624807208 1481.469482830423
1612.0252595087202 1454.6367544066625
1640.3882025482656 1423.831203257642
1655.2921018474292 1405.702873247236
1656.2133903672823 1403.9832073385135
1656.4064623218408 1402.0418813497113
1655.841924256225 1400.1744445644608
1654.6057219733746 1398.66519730496
1652.886056064652 1397.743908785107
1650.9447300758497 1397.5508368305484
1649.0772932905993 1398.1153748961642
1647.5680460310984 1399.3515771790146
1632.8402393164522 1417.2595063392303
1605.2473196094236 1447.1780383307023
1571.0855998578766 1473.10557886709
1542.1662066393612 1489.796010878322
1498.043563441635 1511.5591467098293
1398.9592179741157 1553.3087566117283
1336.7339946287707 1583.0997299566436
1303.143574567827 1602.1786236334542
1260.3260814913472 1630.2025673945477
1191.9911392014005 1679.585715789235
1146.5690678066674 1714.265564368948
1105.7792313686061 1747.4676956399592
1051.0951532816844 1795.1489634529482
1032.1303307272374 1810.5429081592238
1019.9410418100197 1818.9095182898911
1004.2840136931167 1826.2189899780597
986.5477297858082 1832.9503406942595
945.413619834955 1847.2651185381196
893.0921708912063 1859.244131382404
865.266455975357 1871.7472648395637
860.9460654678818 1874.1510066205192
857.9451012466666 1869.930029246112
379 378 377
371 370 369
369 368 367
367 366 365
365 364 363
359 358 357
357 356 355
355 354 353
353 352 351
351 350 349
349 348 347
347 346 345
338 337 336
328 327 326
322 321 320
320 319 318
318 317 316
316 315 314
314 313 312
312 311 310
310 309 308
307 306 305
305 304 303
303 302 301
301 300 299
296 295 294
294 293 292
291 290 289
289 288 287
287 286 285
285 284 283
283 282 281
281 280 279
279 278 277
277 276 275
275 274 273
273 272 271
271 270 269
269 268 267
267 266 265
265 264 263
260 259 258
258 257 256
254 253 252
252 251 250
250 249 248
246 245 244
243 242 241
241 240 239
239 238 237
231 230 229
229 228 227
227 226 225
224 223 222
222 221 220
215 214 213
213 212 211
208 207 206
206 205 204
203 202 201
201 200 199
199 198 197
197 196 195
195 194 193
193 192 191
190 189 188
188 187 186
183 182 181
181 180 179
176 175 174
174 173 172
172 171 170
170 169 168
167 166 165
164 163 162
161 160 159
158 157 156
155 154 153
153 152 151
148 147 146
146 145 144
144 143 142
141 140 139
139 138 137
133 132 131
126 125 124
124 123 122
122 121 120
120 119 118
118 117 116
116 115 114
114 113 112
102 101 100
100 99 98
98 97 96
92 91 90
90 89 88
88 87 86
86 85 84
80 79 78
78 77 76
70 69 68
68 67 66
66 65 64
64 63 62
62 61 60
60 59 58
48 47 46
46 45 44
44 43 42
42 41 40
39 38 37
37 36 35
31 30 29
24 23 22
22 21 20
19 18 17
17 16 15
14 13 12
11 10 9
8 7 6
5 4 3
379 377 376
371 369 367
367 365 363
359 357 355
355 353 351
351 349 347
347 345 344
338 336 335
328 326 325
322 320 318
318 316 314
314 312 310
307 305 303
303 301 299
296 294 292
289 287 285
285 283 281
281 279 277
277 275 273
273 271 269
269 267 265
254 252 250
246 244 243
243 241 239
239 237 236
231 229 227
227 225 224
224 222 220
215 213 211
208 206 204
201 199 197
197 195 193
193 191 190
184 183 181
176 174 172
172 170 168
168 167 165
158 156 155
155 153 151
149 148 146
146 144 142
141 139 137
133 131 130
126 124 122
122 120 118
118 116 114
102 100 98
98 96 95
92 90 88
88 86 84
80 78 76
70 68 66
66 64 62
62 60 58
46 44 42
39 37 35
31 29 28
24 22 20
14 12 11
11 9 8
8 6 5
5 3 2
372 371 367
367 363 362
360 359 355
355 351 347
322 318 314
307 303 299
296 292 291
285 281 277
277 273 269
269 265 263
254 250 248
246 243 239
239 236 235
232 231 227
216 215 211
208 204 203
203 201 197
197 193 190
184 181 179
177 176 172
172 168 165
158 155 151
146 142 141
141 137 136
134 133 130
127 126 122
103 102 98
98 95 94
92 88 84
80 76 75
71 70 66
48 46 42
25 24 20
11 8 5
5 2 1
360 355 347
323 322 314
296 291 289
269 263 262
209 208 203
203 197 190
185 184 179
172 165 164
159 158 151
134 130 129
93 92 84
80 75 74
25 20 19
11 5 1
361 360 347
323 314 310
277 269 262
203 190 188
185 179 178
159 151 150
93 84 83
26 25 19
362 361 347
324 323 310
277 262 261
203 188 186
94 93 83
362 347 344
325 324 310
277 261 260
203 186 185
367 362 344
328 325 310
277 260 258
209 203 185
367 344 343
328 310 308
277 258 256
209 185 178
367 343 342
328 308 307
277 256 255
210 209 178
367 342 341
329 328 307
285 277 255
211 210 178
367 341 340
289 285 255
211 178 177
372 367 340
289 255 254
216 211 177
372 340 339
289 254 248
216 177 172
372 339 338
289 248 247
217 216 172
372 338 335
289 247 246
218 217 172
373 372 335
296 289 246
219 218 172
374 373 335
296 246 239
220 219 172
375 374 335
297 296 239
224 220 172
376 375 335
298 297 239
379 376 335
299 298 239
299 239 235
299 235 234
299 234 233
307 299 233
329 307 233
329 233 232
330 329 232
330 232 227
331 330 227
332 331 227
333 332 227
334 333 227
335 334 227
335 227 224
379 335 224
379 224 172
380 379 172
1 380 172
11 1 172
11 172 164
11 164 162
11 162 161
11 161 159
14 11 159
15 14 159
15 159 150
17 15 150
19 17 150
26 19 150
26 150 149
26 149 146
27 26 146
28 27 146
31 28 146
31 146 141
32 31 141
33 32 141
33 141 136
34 33 136
35 34 136
35 136 135
35 135 134
39 35 134
40 39 134
40 134 129
42 40 129
42 129 128
48 42 128
48 128 127
48 127 122
49 48 122
50 49 122
51 50 122
52 51 122
53 52 122
53 122 118
54 53 118
55 54 118
56 55 118
56 118 114
57 56 114
58 57 114
62 58 114
62 114 112
62 112 111
62 111 110
62 110 109
62 109 108
66 62 108
66 108 107
66 107 106
66 106 105
66 105 104
71 66 104
71 104 103
72 71 103
72 103 98
73 72 98
74 73 98
80 74 98
80 98 94
80 94 83
80 83 81
